0
42.824
141.69
294.319
497.37
597.34
648.86
742.33
747.4
860.71
878.1
900.32
938.06
958.85
992.4
1001.94
1030.55
1037.55
1041.1
1056.8
1076.22
1089.45
1115.53
1130.95
1136.97
1138.3
1161.53
1177.63
1180.5
1199
1222.99
1232.46
1240.8
1262.08
1277.6
1282
1308.74
1321.13
1323.4
1337.02
1374.8
1379
1407
1410.75
1413
1438.45
1488.17
1525.86
1539.67
1539.8
1557
1558.87
1574
1580
1607.72
1626.77
1633.37
1641
1675
1710.43
1745.7
1752
1775.27
1784
1796.34
1808.02
1830.3
1841.8
1861
1881.1
1902
1917.8
1954.51
1996.41
2117.5
2127.4
2136.8
2151.6
2182.6
2475.1
2560.5
2590.2
2837.1
2973.8
3059.8
3218.3
3421.1
3559
3626.6
3900.6
4063.5
4086.3
4410.8
