1.04563	80.6463
1.06178	83.7705
1.07794	87.0158
1.0941	90.3869
1.11025	93.8885
1.12641	97.5258
1.14256	101.304
1.15872	105.229
1.17488	109.305
1.19103	113.54
1.20719	117.938
1.22335	122.508
1.2395	127.254
1.25566	132.184
1.27181	137.305
1.28797	142.624
1.30413	148.149
1.32028	153.889
1.33644	159.851
1.35259	166.044
1.36875	172.476
1.38491	179.158
1.40106	186.099
1.41722	193.309
1.43338	200.798
1.44953	208.578
1.46569	216.658
1.48184	225.052
1.498	233.771
1.51416	242.828
1.53031	252.236
1.54647	262.008
1.56262	272.159
1.57878	282.703
1.59494	293.655
1.61109	305.032
1.62725	316.85
1.6434	329.125
1.65956	341.876
1.67572	355.122
1.69187	368.88
1.70803	383.171
1.72419	398.016
1.74034	413.437
1.7565	429.454
1.77265	446.093
1.78881	463.375
1.80497	481.328
1.82112	499.976
1.83728	519.346
1.85343	539.467
1.86959	560.368
1.88575	582.078
1.9019	604.63
1.91806	628.055
1.93421	652.388
1.95037	677.663
1.96653	703.918
1.98268	731.19
1.99884	759.519
2.015	788.945
2.03115	819.512
2.04731	851.262
2.06346	884.243
2.07962	918.501
2.09578	954.087
2.11193	991.052
2.12809	1029.45
2.14424	1069.33
2.1604	1110.76
2.17656	1153.8
2.19271	1198.5
2.20887	1244.93
2.22503	1293.17
2.24118	1343.27
2.25734	1395.31
2.27349	1449.37
2.28965	1505.53
2.30581	1563.86
2.32196	1624.44
2.33812	1687.38
2.35427	1752.76
2.37043	1820.67
2.38659	1891.2
2.40274	1964.48
2.4189	2040.59
2.43505	2119.65
2.45121	2201.77
2.46737	2287.08
2.48352	2375.69
2.49968	2467.73
2.51584	2563.34
2.53199	2662.66
2.54815	2765.82
2.5643	2872.98
2.58046	2984.29
2.59662	3099.91
2.61277	3220.01
2.62893	3344.77
2.64508	3474.36
2.66124	3608.97
2.6774	3748.8
2.69355	3894.04
2.70971	4044.91
2.72587	4201.63
2.74202	4364.42
2.75818	4533.51
2.77433	4709.16
2.79049	4891.61
2.80665	5081.13
2.8228	5278
2.83896	5482.49
2.85511	5694.91
2.87127	5915.55
2.88743	6144.74
2.90358	6382.82
2.91974	6630.12
2.93589	6887
2.95205	7153.83
2.96821	7431
2.98436	7718.91
3.00052	8017.97
3.01668	8328.62
3.03283	8651.31
3.04899	8986.5
3.06514	9334.68
3.0813	9696.34
3.09746	10072
3.11361	10462.3
3.12977	10867.6
3.14592	11288.7
3.16208	11726
3.17824	12180.4
3.19439	12652.3
3.21055	13142.5
3.2267	13651.7
3.24286	14180.6
3.25902	14730
3.27517	15300.8
3.29133	15893.6
3.30749	16509.4
3.32364	17149
3.3398	17813.5
3.35595	18503.6
3.37211	19220.5
3.38827	19965.2
3.40442	20738.8
3.42058	21542.3
3.43673	22376.9
3.45289	23243.9
3.46905	24144.5
3.4852	25080
3.50136	26051.7
3.51752	27061.1
3.53367	28109.5
3.54983	29198.6
3.56598	30329.9
3.58214	31505.1
3.5983	32725.7
3.61445	33993.7
3.63061	35310.7
3.64676	36678.9
3.66292	38100
3.67908	39576.1
3.69523	41109.5
3.71139	42702.3
3.72754	44356.8
3.7437	46075.4
3.75986	47860.6
3.77601	49714.9
3.79217	51641.1
3.80833	53641.9
3.82448	55720.3
3.84064	57879.2
3.85679	60121.7
3.87295	62451.1
3.88911	64870.8
3.90526	67384.2
3.92142	69995
3.93757	72706.9
3.95373	75523.9
3.96989	78450.1
3.98604	81489.6
4.0022	84647
4.01836	87926.6
4.03451	91333.3
4.05067	94872
4.06682	98547.8
4.08298	102366
4.09914	106332
4.11529	110452
4.13145	114732
4.1476	119177
4.16376	123794
4.17992	128591
4.19607	133573
4.21223	138748
4.22838	144124
4.24454	149708
4.2607	155509
4.27685	161534
4.29301	167792
4.30917	174294
4.32532	181047
4.34148	188061
4.35763	195348
4.37379	202916
4.38995	210779
4.4061	218945
4.42226	227428
4.43841	236240
4.45457	245393
4.47073	254901
4.48688	264777
4.50304	275036
4.51919	285692
4.53535	296761
4.55151	308259
4.56766	320203
4.58382	332609
4.59998	345496
4.61613	358883
4.63229	372787
4.64844	387231
4.6646	402235
4.68076	417819
4.69691	434008
4.71307	450823
4.72922	468291
4.74538	486435
4.76154	505282
4.77769	524859
4.79385	545195
4.81001	566318
4.82616	588260
4.84232	611053
4.85847	634728
4.87463	659321
4.89079	684866
4.90694	711402
4.9231	738965
4.93925	767597
4.95541	797337
4.97157	828230
4.98772	860320
5.00388	893654
5.02003	928278
5.03619	964245
5.05235	1.0016e+06
5.0685	1.04041e+06
5.08466	1.08072e+06
5.10082	1.1226e+06
5.11697	1.16609e+06
5.13313	1.21127e+06
5.14928	1.2582e+06
5.16544	1.30695e+06
5.1816	1.35759e+06
5.19775	1.41019e+06
5.21391	1.46483e+06
5.23006	1.52158e+06
5.24622	1.58054e+06
5.26238	1.64178e+06
5.27853	1.70539e+06
5.29469	1.77146e+06
5.31085	1.8401e+06
5.327	1.9114e+06
5.34316	1.98545e+06
5.35931	2.06238e+06
5.37547	2.14229e+06
5.39163	2.22529e+06
5.40778	2.31151e+06
5.42394	2.40107e+06
5.44009	2.4941e+06
5.45625	2.59074e+06
5.47241	2.69112e+06
5.48856	2.79539e+06
5.50472	2.90369e+06
5.52087	3.0162e+06
5.53703	3.13306e+06
5.55319	3.25445e+06
5.56934	3.38055e+06
5.5855	3.51153e+06
5.60166	3.64759e+06
5.61781	3.78891e+06
5.63397	3.93572e+06
5.65012	4.08821e+06
5.66628	4.24661e+06
5.68244	4.41114e+06
5.69859	4.58205e+06
5.71475	4.75959e+06
5.7309	4.944e+06
5.74706	5.13556e+06
5.76322	5.33454e+06
5.77937	5.54122e+06
5.79553	5.75592e+06
5.81168	5.97894e+06
5.82784	6.21059e+06
5.844	6.45123e+06
5.86015	6.70118e+06
5.87631	6.96082e+06
5.89247	7.23052e+06
5.90862	7.51067e+06
5.92478	7.80168e+06
5.94093	8.10396e+06
5.95709	8.41795e+06
5.97325	8.74411e+06
5.9894	9.0829e+06
6.00556	9.43482e+06
6.02171	9.80038e+06
6.03787	1.01801e+07
6.05403	1.05745e+07
6.07018	1.09842e+07
6.08634	1.14098e+07
6.1025	1.18519e+07
6.11865	1.23111e+07
6.13481	1.27881e+07
6.15096	1.32836e+07
6.16712	1.37983e+07
6.18328	1.43329e+07
6.19943	1.48882e+07
6.21559	1.54651e+07
6.23174	1.60643e+07
6.2479	1.66867e+07
6.26406	1.73333e+07
6.28021	1.80048e+07
6.29637	1.87024e+07
6.31252	1.94271e+07
6.32868	2.01798e+07
6.34484	2.09617e+07
6.36099	2.17738e+07
6.37715	2.26175e+07
6.39331	2.34938e+07
6.40946	2.44041e+07
6.42562	2.53496e+07
6.44177	2.63318e+07
6.45793	2.73521e+07
6.47409	2.84118e+07
6.49024	2.95127e+07
6.5064	3.06562e+07
6.52255	3.18439e+07
6.53871	3.30778e+07
6.55487	3.43594e+07
6.57102	3.56906e+07
6.58718	3.70735e+07
6.60334	3.85099e+07
6.61949	4.0002e+07
6.63565	4.15519e+07
6.6518	4.31619e+07
6.66796	4.48342e+07
6.68412	4.65713e+07
6.70027	4.83758e+07
6.71643	5.02501e+07
6.73258	5.21971e+07
6.74874	5.42195e+07