#include "TGraph.h"
double adETable[] = {
0.0567,
0.1133,
0.17,
0.2267,
0.2833,
0.34,
0.3967,
0.4533,
0.51,
0.5667,
0.6233,
0.68,
0.7367,
0.7933,
0.85,
0.9067,
0.9633,
1.02,
1.0767,
1.1333,
1.19,
1.2467,
1.3033,
1.36,
1.4167,
1.4733,
1.53,
1.5867,
1.6433,
1.7,
1.7567,
1.8133,
1.87,
1.9267,
1.9833,
2.04,
2.0967,
2.1533,
2.21,
2.2667,
2.3233,
2.38,
2.4367,
2.4933,
2.55,
2.6067,
2.6633,
2.72,
2.7767,
2.8333,
2.89,
2.9467,
3.0033,
3.06,
3.1167,
3.1733,
3.23,
3.2867,
3.3433,
3.4,
3.4567,
3.5133,
3.57,
3.6267,
3.6833,
3.74,
3.7967,
3.8533,
3.91,
3.9667,
4.0233,
4.08,
4.1367,
4.1933,
4.25,
4.3067,
4.3633,
4.42,
4.4767,
4.5333,
4.59,
4.6467,
4.7033,
4.76,
4.8167,
4.8733,
4.93,
4.9867,
5.0433,
5.1,
5.1567,
5.2133,
5.27,
5.3267,
5.3833,
5.44,
5.4967,
5.5533,
5.61,
5.6667,
5.7233,
5.78,
5.8367,
5.8933,
5.95,
6.0067,
6.0633,
6.12,
6.1767,
6.2333,
6.29,
6.3467,
6.4033,
6.46,
6.5167,
6.5733,
6.63,
6.6867,
6.7433,
6.8,
6.8567,
6.9133,
6.97,
7.0267,
7.0833,
7.14,
7.1967,
7.2533,
7.31,
7.3667,
7.4233,
7.48,
7.5367,
7.5933,
7.65,
7.7067,
7.7633,
7.82,
7.8767,
7.9333,
7.99,
8.0467,
8.1033,
8.16,
8.2167,
8.2733,
8.33,
8.3867,
8.4433,
8.5,
8.5567,
8.6133,
8.67,
8.7267,
8.7833,
8.84,
8.8967,
8.9533,
9.01,
9.0667,
9.1233,
9.18,
9.2367,
9.2933,
9.35,
9.4067,
9.4633,
9.52,
9.5767,
9.6333,
9.69,
9.7467,
9.8033,
9.86,
9.9167,
9.9733,
10.03,
10.0867,
10.1433,
10.2,
10.2567,
10.3133,
10.37,
10.4267,
10.4833,
10.54,
10.5967,
10.6533,
10.71,
10.7667,
10.8233,
10.88,
10.9367,
10.9933,
11.05,
11.1067,
11.1633,
11.22,
11.2767,
11.39,
11.4467,
11.5033,
11.6167,
11.6733,
11.73,
11.7867,
11.8433,
11.9,
11.9567,
12.0133,
12.07,
12.1833,
12.24,
12.2967,
12.3533,
12.41,
12.4667,
12.5233,
12.58,
12.6367,
12.6933,
12.8067,
12.8633,
12.92,
12.9767,
13.0333,
13.09,
13.1467,
13.2033,
13.26,
13.3167,
13.3733,
13.43,
13.4867,
13.5433,
13.6,
13.6567,
13.7133,
13.77,
13.8833,
13.94,
13.9967,
14.0533,
14.11,
14.1667,
14.2233,
14.28,
14.3367,
14.3933,
14.45,
14.5067,
14.5633,
14.62,
14.6767,
14.7333,
14.79,
14.8467,
14.9033,
14.96,
15.0167,
15.0733,
15.13,
15.1867,
15.2433,
15.3,
15.3567,
15.4133,
15.47,
15.5833,
15.64,
15.7533,
15.81,
15.8667,
15.9233,
15.98,
16.0367,
16.0933,
16.15,
16.2067,
16.2633,
16.32,
16.3767,
16.4333,
16.49,
16.5467,
16.6033,
16.66,
16.7167,
16.7733,
16.83,
16.8867,
16.9433,
17
};
const int nETable = sizeof(adETable)/sizeof(double);

double adRho[] = {
1.238,
1.287,
1.338,
1.391,
1.446,
1.503,
1.562,
1.624,
1.688,
1.754,
1.823,
1.895,
1.97,
2.048,
2.129,
2.213,
2.3,
2.391,
2.485,
2.583,
2.685,
2.791,
2.902,
3.016,
3.135,
3.259,
3.388,
3.521,
3.66,
3.805,
3.955,
4.111,
4.273,
4.442,
4.617,
4.799,
4.989,
5.186,
5.39,
5.603,
5.824,
6.054,
6.293,
6.542,
6.8,
7.068,
7.347,
7.637,
7.939,
8.252,
8.578,
8.916,
9.268,
9.634,
10.014,
10.409,
10.82,
11.247,
11.691,
12.153,
12.632,
13.131,
13.649,
14.188,
14.748,
15.33,
15.935,
16.564,
17.218,
17.898,
18.604,
19.338,
20.102,
20.895,
21.72,
22.577,
23.468,
24.394,
25.357,
26.358,
27.398,
28.48,
29.604,
30.772,
31.987,
33.249,
34.562,
35.926,
37.344,
38.818,
40.35,
41.942,
43.598,
45.319,
47.107,
48.967,
50.899,
52.908,
54.997,
57.167,
59.424,
61.769,
64.207,
66.741,
69.375,
72.114,
74.96,
77.919,
80.994,
84.191,
87.514,
90.968,
94.558,
98.291,
102.17,
106.203,
110.394,
114.752,
119.281,
123.989,
128.883,
133.97,
139.257,
144.754,
150.467,
156.406,
162.579,
168.996,
175.666,
182.6,
189.807,
197.299,
205.086,
213.181,
221.595,
230.341,
239.432,
248.883,
258.706,
268.917,
279.531,
290.564,
302.033,
313.953,
326.345,
339.226,
352.615,
366.533,
381,
396.037,
411.669,
427.917,
444.807,
462.363,
480.612,
499.582,
519.3,
539.797,
561.102,
583.249,
606.27,
630.199,
655.072,
680.928,
707.804,
735.74,
764.78,
794.965,
826.342,
858.957,
892.86,
928.101,
964.733,
1002.81,
1042.39,
1083.53,
1126.3,
1170.75,
1216.96,
1265,
1314.93,
1366.83,
1420.77,
1476.85,
1535.14,
1595.73,
1658.72,
1724.18,
1792.24,
1862.98,
1936.51,
2012.94,
2092.39,
2174.97,
2260.82,
2350.05,
2442.81,
2539.23,
2639.45,
2851.92,
2964.48,
3081.49,
3329.54,
3460.95,
3597.56,
3739.55,
3887.15,
4040.57,
4200.05,
4365.83,
4538.14,
4903.45,
5096.99,
5298.17,
5507.28,
5724.65,
5950.6,
6185.47,
6429.6,
6683.39,
6947.17,
7506.4,
7802.67,
8110.64,
8430.76,
8763.52,
9109.41,
9468.96,
9842.69,
10231.2,
10635,
11054.8,
11491.1,
11944.6,
12416.1,
12906.1,
13415.5,
13945,
14495.5,
15662.3,
16280.5,
16923.1,
17591,
18285.3,
19007,
19757.2,
20537,
21347.6,
22190.2,
23066.1,
23976.5,
24922.8,
25906.5,
26929,
27991.9,
29096.7,
30245.2,
31438.9,
32679.8,
33969.6,
35310.4,
36704.1,
38152.8,
39658.7,
41224,
42851.1,
44542.4,
46300.4,
50027.5,
52002.1,
56188,
58406.1,
60708,
63096.7,
65575.6,
68147.6,
70816.1,
73584.7,
76457.1,
79436.7,
82527.7,
85733.8,
89059.1,
92508,
96084.9,
99794.3,
103641,
107629,
111765,
116053,
120499,
125108,
129885
};
TGraph *grRho = new TGraph(nETable,adETable,adRho);

double adLDa[] = {
6.065,
6.065,
6.065,
6.065,
6.065,
6.065,
6.065,
6.065,
6.065,
6.065,
6.065,
6.065,
6.065,
6.065,
6.065,
6.065,
6.065,
6.065,
6.065,
6.065,
6.065,
6.065,
6.065,
6.065,
6.065,
6.065,
6.065,
6.065,
6.065,
6.065,
6.065,
6.065,
6.065,
6.065,
6.065,
6.065,
6.065,
6.065,
6.065,
6.065,
6.065,
6.065,
6.065,
6.065,
6.065,
6.065,
6.065,
6.065,
6.065,
6.065,
6.065,
6.065,
6.065,
6.065,
6.065,
6.065,
6.067,
6.073,
6.08,
6.086,
6.092,
6.098,
6.104,
6.11,
6.116,
6.122,
6.128,
6.134,
6.14,
6.146,
6.152,
6.158,
6.164,
6.17,
6.176,
6.181,
6.187,
6.193,
6.198,
6.204,
6.21,
6.215,
6.221,
6.227,
6.232,
6.238,
6.243,
6.249,
6.254,
6.26,
6.265,
6.271,
6.276,
6.281,
6.287,
6.292,
6.297,
6.302,
6.308,
6.313,
6.318,
6.323,
6.328,
6.334,
6.339,
6.344,
6.349,
6.354,
6.359,
6.364,
6.369,
6.374,
6.379,
6.384,
6.389,
6.394,
6.398,
6.403,
6.408,
6.413,
6.418,
6.423,
6.427,
6.432,
6.437,
6.441,
6.446,
6.451,
6.455,
6.46,
6.465,
6.469,
6.474,
6.478,
6.483,
6.487,
6.492,
6.496,
6.501,
6.505,
6.509,
6.514,
6.518,
6.523,
6.527,
6.531,
6.536,
6.54,
6.544,
6.548,
6.553,
6.557,
6.561,
6.565,
6.569,
6.574,
6.578,
6.582,
6.586,
6.59,
6.594,
6.598,
6.602,
6.606,
6.61,
6.614,
6.618,
6.622,
6.626,
6.63,
6.634,
6.638,
6.642,
6.645,
6.649,
6.653,
6.657,
6.661,
6.665,
6.668,
6.672,
6.676,
6.68,
6.683,
6.687,
6.691,
6.694,
6.698,
6.702,
6.705,
6.709,
6.712,
6.716,
6.72,
6.723,
6.727,
6.73,
6.734,
6.737,
6.744,
6.748,
6.751,
6.758,
6.761,
6.765,
6.768,
6.771,
6.775,
6.778,
6.781,
6.785,
6.791,
6.795,
6.798,
6.801,
6.804,
6.807,
6.811,
6.814,
6.817,
6.82,
6.827,
6.83,
6.833,
6.836,
6.839,
6.842,
6.845,
6.848,
6.851,
6.854,
6.857,
6.86,
6.863,
6.866,
6.869,
6.872,
6.875,
6.878,
6.884,
6.887,
6.89,
6.893,
6.896,
6.899,
6.901,
6.904,
6.907,
6.91,
6.913,
6.916,
6.918,
6.921,
6.924,
6.927,
6.929,
6.932,
6.935,
6.938,
6.94,
6.943,
6.946,
6.948,
6.951,
6.954,
6.956,
6.959,
6.962,
6.967,
6.969,
6.975,
6.977,
6.98,
6.982,
6.985,
6.987,
6.99,
6.992,
6.995,
6.997,
7,
7.002,
7.005,
7.007,
7.01,
7.012,
7.015,
7.017,
7.02,
7.022,
7.024,
7.027,
7.029
};
TGraph *grLDa = new TGraph(nETable,adETable,adLDa);

double adJCut[] = {
2.399,
2.399,
2.399,
2.399,
2.399,
2.399,
2.399,
2.399,
2.399,
2.399,
2.399,
2.399,
2.399,
2.399,
2.399,
2.399,
2.399,
2.399,
2.399,
2.399,
2.399,
2.399,
2.399,
2.399,
2.399,
2.399,
2.399,
2.399,
2.399,
2.399,
2.399,
2.399,
2.399,
2.399,
2.399,
2.399,
2.399,
2.399,
2.399,
2.399,
2.399,
2.399,
2.399,
2.399,
2.399,
2.399,
2.399,
2.399,
2.399,
2.399,
2.399,
2.399,
2.399,
2.399,
2.399,
2.399,
2.399,
2.399,
2.399,
2.405,
2.412,
2.419,
2.426,
2.433,
2.44,
2.447,
2.454,
2.461,
2.468,
2.475,
2.482,
2.489,
2.496,
2.503,
2.51,
2.517,
2.524,
2.53,
2.537,
2.544,
2.551,
2.558,
2.564,
2.571,
2.578,
2.584,
2.591,
2.598,
2.604,
2.611,
2.617,
2.624,
2.631,
2.637,
2.644,
2.65,
2.657,
2.663,
2.67,
2.676,
2.682,
2.689,
2.695,
2.702,
2.708,
2.714,
2.721,
2.727,
2.733,
2.74,
2.746,
2.752,
2.758,
2.765,
2.771,
2.777,
2.783,
2.789,
2.796,
2.802,
2.808,
2.814,
2.82,
2.826,
2.832,
2.838,
2.844,
2.85,
2.857,
2.863,
2.869,
2.875,
2.881,
2.886,
2.892,
2.898,
2.904,
2.91,
2.916,
2.922,
2.928,
2.934,
2.94,
2.946,
2.951,
2.957,
2.963,
2.969,
2.975,
2.98,
2.986,
2.992,
2.998,
3.003,
3.009,
3.015,
3.021,
3.026,
3.032,
3.038,
3.043,
3.049,
3.055,
3.06,
3.066,
3.071,
3.077,
3.083,
3.088,
3.094,
3.099,
3.105,
3.11,
3.116,
3.122,
3.127,
3.133,
3.138,
3.144,
3.149,
3.154,
3.16,
3.165,
3.171,
3.176,
3.182,
3.187,
3.192,
3.198,
3.203,
3.209,
3.214,
3.219,
3.225,
3.23,
3.235,
3.241,
3.246,
3.251,
3.262,
3.267,
3.272,
3.283,
3.288,
3.293,
3.299,
3.304,
3.309,
3.314,
3.319,
3.325,
3.335,
3.34,
3.345,
3.35,
3.356,
3.361,
3.366,
3.371,
3.376,
3.381,
3.391,
3.396,
3.401,
3.406,
3.411,
3.417,
3.422,
3.427,
3.432,
3.437,
3.442,
3.447,
3.452,
3.457,
3.462,
3.467,
3.472,
3.476,
3.486,
3.491,
3.496,
3.501,
3.506,
3.511,
3.516,
3.521,
3.526,
3.531,
3.535,
3.54,
3.545,
3.55,
3.555,
3.56,
3.565,
3.569,
3.574,
3.579,
3.584,
3.589,
3.593,
3.598,
3.603,
3.608,
3.613,
3.617,
3.622,
3.632,
3.636,
3.646,
3.65,
3.655,
3.659,
3.664,
3.668,
3.672,
3.677,
3.681,
3.685,
3.69,
3.694,
3.698,
3.703,
3.707,
3.711,
3.715,
3.72,
3.724,
3.728,
3.732,
3.736,
3.741
};
TGraph *grJCut = new TGraph(nETable,adETable,adJCut);
