#include "TGraph.h"

double adGSF_ETable[] = {
0.0,
0.04,
0.08,
0.12,
0.16,
0.2,
0.24,
0.28,
0.32,
0.36,
0.4,
0.44,
0.48,
0.52,
0.56,
0.6,
0.64,
0.68,
0.72,
0.76,
0.8,
0.84,
0.88,
0.92,
0.96,
1.0,
1.04,
1.08,
1.12,
1.16,
1.2,
1.24,
1.28,
1.32,
1.36,
1.4,
1.44,
1.48,
1.52,
1.56,
1.6,
1.64,
1.68,
1.72,
1.76,
1.8,
1.84,
1.88,
1.92,
1.96,
2.0,
2.04,
2.08,
2.12,
2.16,
2.2,
2.24,
2.28,
2.32,
2.36,
2.4,
2.44,
2.48,
2.52,
2.56,
2.6,
2.64,
2.68,
2.72,
2.76,
2.8,
2.84,
2.88,
2.92,
2.96,
3.0,
3.04,
3.08,
3.12,
3.16,
3.2,
3.24,
3.28,
3.32,
3.36,
3.4,
3.44,
3.48,
3.52,
3.56,
3.6,
3.64,
3.68,
3.72,
3.76,
3.8,
3.84,
3.88,
3.92,
3.96,
4.0,
4.0,
4.10738255034,
4.21476510067,
4.32214765101,
4.42953020134,
4.53691275168,
4.64429530201,
4.75167785235,
4.85906040268,
4.96644295302,
5.07382550336,
5.18120805369,
5.28859060403,
5.39597315436,
5.5033557047,
5.61073825503,
5.71812080537,
5.8255033557,
5.93288590604,
6.04026845638,
6.14765100671,
6.25503355705,
6.36241610738,
6.46979865772,
6.57718120805,
6.68456375839,
6.79194630872,
6.89932885906,
7.0067114094,
7.11409395973,
7.22147651007,
7.3288590604,
7.43624161074,
7.54362416107,
7.65100671141,
7.75838926174,
7.86577181208,
7.97315436242,
8.08053691275,
8.18791946309,
8.29530201342,
8.40268456376,
8.51006711409,
8.61744966443,
8.72483221477,
8.8322147651,
8.93959731544,
9.04697986577,
9.15436241611,
9.26174496644,
9.36912751678,
9.47651006711,
9.58389261745,
9.69127516779,
9.79865771812,
9.90604026846,
10.0134228188,
10.1208053691,
10.2281879195,
10.3355704698,
10.4429530201,
10.5503355705,
10.6577181208,
10.7651006711,
10.8724832215,
10.9798657718,
11.0872483221,
11.1946308725,
11.3020134228,
11.4093959732,
11.5167785235,
11.6241610738,
11.7315436242,
11.8389261745,
11.9463087248,
12.0536912752,
12.1610738255,
12.2684563758,
12.3758389262,
12.4832214765,
12.5906040268,
12.6979865772,
12.8053691275,
12.9127516779,
13.0201342282,
13.1275167785,
13.2348993289,
13.3422818792,
13.4496644295,
13.5570469799,
13.6644295302,
13.7718120805,
13.8791946309,
13.9865771812,
14.0939597315,
14.2013422819,
14.3087248322,
14.4161073826,
14.5234899329,
14.6308724832,
14.7382550336,
14.8456375839,
14.9530201342,
15.0604026846,
15.1677852349,
15.2751677852,
15.3825503356,
15.4899328859,
15.5973154362,
15.7046979866,
15.8120805369,
15.9194630872,
16.0268456376,
16.1342281879,
16.2416107383,
16.3489932886,
16.4563758389,
16.5637583893,
16.6711409396,
16.7785234899,
16.8859060403,
16.9932885906,
17.1006711409,
17.2080536913,
17.3154362416,
17.4228187919,
17.5302013423,
17.6375838926,
17.744966443,
17.8523489933,
17.9597315436,
18.067114094,
18.1744966443,
18.2818791946,
18.389261745,
18.4966442953,
18.6040268456,
18.711409396,
18.8187919463,
18.9261744966,
19.033557047,
19.1409395973,
19.2483221477,
19.355704698,
19.4630872483,
19.5704697987,
19.677852349,
19.7852348993,
19.8926174497,
20.0
};
const int nGSF_ETable = sizeof(adGSF_ETable)/sizeof(double);

double adGSF_E1[] = {
2.54195045698e-08,
2.55338250084e-08,
2.56483752425e-08,
2.57633851575e-08,
2.58790848187e-08,
2.59957045611e-08,
2.61134750801e-08,
2.62326275213e-08,
2.63533935718e-08,
2.6476005551e-08,
2.66006965018e-08,
2.67277002832e-08,
2.68572516617e-08,
2.69895864051e-08,
2.71249413758e-08,
2.72635546247e-08,
2.74056654865e-08,
2.75515146757e-08,
2.77013443826e-08,
2.78553983714e-08,
2.80139220783e-08,
2.81771627114e-08,
2.83453693511e-08,
2.8518793052e-08,
2.86976869459e-08,
2.88823063463e-08,
2.90729088539e-08,
2.92697544638e-08,
2.94731056742e-08,
2.96832275965e-08,
2.99003880672e-08,
3.01248577615e-08,
3.03569103086e-08,
3.05968224089e-08,
3.08448739532e-08,
3.11013481437e-08,
3.13665316175e-08,
3.16407145722e-08,
3.19241908931e-08,
3.22172582839e-08,
3.25202183986e-08,
3.28333769771e-08,
3.31570439828e-08,
3.34915337426e-08,
3.38371650905e-08,
3.41942615137e-08,
3.45631513014e-08,
3.49441676976e-08,
3.53376490562e-08,
3.57439389996e-08,
3.61633865815e-08,
3.65963464524e-08,
3.70431790291e-08,
3.75042506678e-08,
3.79799338414e-08,
3.8470607321e-08,
3.89766563608e-08,
3.94984728878e-08,
4.00364556965e-08,
4.05910106468e-08,
4.11625508678e-08,
4.17514969662e-08,
4.23582772392e-08,
4.29833278931e-08,
4.36270932671e-08,
4.42900260624e-08,
4.49725875772e-08,
4.56752479473e-08,
4.6398486393e-08,
4.71427914716e-08,
4.7908661337e-08,
4.86966040051e-08,
4.95071376267e-08,
5.03407907666e-08,
5.11981026902e-08,
5.20796236577e-08,
5.2985915225e-08,
5.39175505536e-08,
5.48751147272e-08,
5.58592050778e-08,
5.68704315189e-08,
5.79094168886e-08,
5.89767973009e-08,
6.00732225066e-08,
6.11993562633e-08,
6.23558767153e-08,
6.35434767837e-08,
6.4762864566e-08,
6.60147637471e-08,
6.72999140207e-08,
6.86190715216e-08,
6.99730092697e-08,
7.13625176256e-08,
7.27884047582e-08,
7.42514971245e-08,
7.57526399621e-08,
7.72926977946e-08,
7.88725549506e-08,
8.04931160953e-08,
8.21553067775e-08,
8.38600739894e-08,
8.38600739894e-08,
8.86547593232e-08,
9.37829285277e-08,
9.92654149803e-08,
1.05124405809e-07,
1.11383540669e-07,
1.1806801728e-07,
1.25204704042e-07,
1.32822260028e-07,
1.40951262617e-07,
1.49624342961e-07,
1.58876329398e-07,
1.68744398838e-07,
1.79268235966e-07,
1.90490199975e-07,
2.02455498248e-07,
2.15212366168e-07,
2.28812251814e-07,
2.43310003865e-07,
2.58764060456e-07,
2.75236636006e-07,
2.92793902198e-07,
3.11506158233e-07,
3.31447984235e-07,
3.52698370147e-07,
3.75340810708e-07,
3.99463354954e-07,
4.25158596238e-07,
4.52523585901e-07,
4.81659650457e-07,
5.12672088506e-07,
5.45669719474e-07,
5.8076425193e-07,
6.18069434577e-07,
6.57699948377e-07,
6.99769993889e-07,
7.44391524204e-07,
7.91672071417e-07,
8.41712114211e-07,
8.94601936815e-07,
9.50417936563e-07,
1.0092183501e-06,
1.07103838851e-06,
1.13588480112e-06,
1.20372992817e-06,
1.27450535488e-06,
1.34809534477e-06,
1.42433030657e-06,
1.50298063476e-06,
1.58375135244e-06,
1.66627806857e-06,
1.75012482759e-06,
1.83478446278e-06,
1.91968204956e-06,
2.00418197393e-06,
2.08759897378e-06,
2.16921327081e-06,
2.24828959686e-06,
2.32409955221e-06,
2.39594635094e-06,
2.4631906601e-06,
2.5252759774e-06,
2.58175186672e-06,
2.63229341443e-06,
2.67671549063e-06,
2.71498077691e-06,
2.74720100675e-06,
2.77363138841e-06,
2.79465866908e-06,
2.81078368814e-06,
2.82259951107e-06,
2.83076631847e-06,
2.8359841572e-06,
2.8389644816e-06,
2.84040117541e-06,
2.84094151531e-06,
2.84115738045e-06,
2.84151699279e-06,
2.84235764156e-06,
2.84386023124e-06,
2.84602709297e-06,
2.84866524923e-06,
2.85137808294e-06,
2.85356889954e-06,
2.8544598739e-06,
2.85312901616e-06,
2.84856585124e-06,
2.8397435322e-06,
2.82570154722e-06,
2.80562989183e-06,
2.77894363774e-06,
2.74533713305e-06,
2.70480990429e-06,
2.65766113751e-06,
2.60445511889e-06,
2.54596470648e-06,
2.48310262907e-06,
2.41685075458e-06,
2.3481958e-06,
2.27807711298e-06,
2.20734907463e-06,
2.13675806542e-06,
2.06693215781e-06,
1.99838079148e-06,
1.93150148549e-06,
1.86659090711e-06,
1.80385811987e-06,
1.74343840227e-06,
1.685406555e-06,
1.62978904813e-06,
1.57657468523e-06,
1.52572368745e-06,
1.47717524491e-06,
1.43085366546e-06,
1.38667329048e-06,
1.34454235827e-06,
1.3043659895e-06,
1.26604845367e-06,
1.22949485562e-06,
1.19461236055e-06,
1.16131105615e-06,
1.1295045328e-06,
1.09911024714e-06,
1.07004972133e-06,
1.04224861935e-06,
1.01563673296e-06,
9.90147902417e-07,
9.65719891681e-07,
9.42294232961e-07,
9.19816051982e-07,
8.98233882515e-07,
8.77499476482e-07,
8.57567614274e-07,
8.38395918577e-07,
8.1994467402e-07,
8.02176654187e-07,
7.85056956956e-07,
7.68552848701e-07,
7.52633617573e-07,
7.37270435859e-07,
7.22436231226e-07,
7.08105566569e-07,
6.94254528104e-07,
6.80860621268e-07,
6.67902674021e-07,
6.55360747076e-07,
6.43216050618e-07,
6.31450867079e-07,
6.20048479544e-07,
6.08993105385e-07
};
TGraph *grGSF_E1 = new TGraph(nGSF_ETable,adGSF_ETable,adGSF_E1);

double adGSF_M1[] = {
0.0,
3.12033346621e-10,
6.2451445634e-10,
9.37893360349e-10,
1.25262465638e-09,
1.56916986869e-09,
1.88799990227e-09,
2.20959762652e-09,
2.53446062709e-09,
2.86310416899e-09,
3.1960644203e-09,
3.53390199285e-09,
3.87720586614e-09,
4.22659777214e-09,
4.5827371336e-09,
4.94632666694e-09,
5.31811878387e-09,
5.69892295522e-09,
6.08961423749e-09,
6.49114320944e-09,
6.90454762661e-09,
7.33096617891e-09,
7.77165483721e-09,
8.22800640626e-09,
8.70157407423e-09,
9.19409997922e-09,
9.70755012104e-09,
1.0244157363e-08,
1.08064748382e-08,
1.13974428591e-08,
1.20204735293e-08,
1.2679558802e-08,
1.33794099484e-08,
1.41256396064e-08,
1.49250022901e-08,
1.57857162461e-08,
1.67179001098e-08,
1.77341739776e-08,
1.88504995376e-08,
2.00873731068e-08,
2.14715472876e-08,
2.30385546312e-08,
2.48364588234e-08,
2.69314854173e-08,
2.94164804809e-08,
3.24233769483e-08,
3.6140368868e-08,
4.08308812033e-08,
4.68367800775e-08,
5.45016873345e-08,
6.38446927543e-08,
7.37716829627e-08,
8.13777624821e-08,
8.36269844259e-08,
8.09660636308e-08,
7.67428110826e-08,
7.35333596931e-08,
7.20910660016e-08,
7.21754467972e-08,
7.32330652726e-08,
7.46624155199e-08,
7.59102030239e-08,
7.65441898219e-08,
7.63244389274e-08,
7.52366260282e-08,
7.34572546041e-08,
7.12653763554e-08,
6.89476171271e-08,
6.67351348511e-08,
6.4781456197e-08,
6.31688112453e-08,
6.19264242399e-08,
6.10495681713e-08,
6.05145636348e-08,
6.02889015145e-08,
6.03373492128e-08,
6.06252549828e-08,
6.1120086546e-08,
6.17919410176e-08,
6.26135014848e-08,
6.35597279094e-08,
6.46074482629e-08,
6.57349415609e-08,
6.69215612051e-08,
6.81474227386e-08,
6.93931668955e-08,
7.06398017372e-08,
7.18686237553e-08,
7.30612153486e-08,
7.4199514068e-08,
7.5265946986e-08,
7.62436212964e-08,
7.7116559824e-08,
7.78699677055e-08,
7.84905143689e-08,
7.8966613407e-08,
7.92886823278e-08,
7.94493647055e-08,
7.94436990828e-08,
7.9269222051e-08,
7.89259970757e-08,
7.89259970757e-08,
7.71971996186e-08,
7.44058132291e-08,
7.07649015265e-08,
6.65297222021e-08,
6.19550651948e-08,
5.72643270451e-08,
5.26335453252e-08,
4.81882134271e-08,
4.4008336608e-08,
4.01373104551e-08,
3.6591483426e-08,
3.33686726252e-08,
3.04549583585e-08,
2.7829709412e-08,
2.54690843297e-08,
2.33483427278e-08,
2.14432858195e-08,
1.97310898004e-08,
1.81907327615e-08,
1.68031599038e-08,
1.55512875006e-08,
1.441991315e-08,
1.33955764464e-08,
1.24663980693e-08,
1.16219144328e-08,
1.08529178964e-08,
1.01513079353e-08,
9.50995577157e-09,
8.92258319591e-09,
8.38365527713e-09,
7.88828608473e-09,
7.43215627931e-09,
7.01144132983e-09,
6.62274912906e-09,
6.26306584816e-09,
5.92970897057e-09,
5.62028655553e-09,
5.33266189166e-09,
5.06492280611e-09,
4.81535499053e-09,
4.58241879152e-09,
4.36472898932e-09,
4.16103715488e-09,
3.97021623362e-09,
3.79124705352e-09,
3.62320649844e-09,
3.46525712403e-09,
3.31663802517e-09,
3.17665679069e-09,
3.04468240403e-09,
2.92013896832e-09,
2.80250015086e-09,
2.69128425653e-09,
2.5860498519e-09,
2.48639187212e-09,
2.39193815212e-09,
2.30234633083e-09,
2.21730108429e-09,
2.13651164889e-09,
2.05970960115e-09,
1.9866468645e-09,
1.91709391745e-09,
1.8508381804e-09,
1.78768256151e-09,
1.72744414403e-09,
1.66995299989e-09,
1.61505111596e-09,
1.56259142118e-09,
1.51243690384e-09,
1.46445980989e-09,
1.41854091386e-09,
1.374568855e-09,
1.33243953238e-09,
1.29205555278e-09,
1.25332572648e-09,
1.21616460617e-09,
1.18049206492e-09,
1.14623290945e-09,
1.1133165255e-09,
1.0816765522e-09,
1.05125058287e-09,
1.02197988982e-09,
9.93809170994e-10,
9.66686316506e-10,
9.40562193366e-10,
9.1539044674e-10,
8.91127316366e-10,
8.67731466826e-10,
8.45163830485e-10,
8.23387462053e-10,
8.02367403798e-10,
7.82070560536e-10,
7.62465583601e-10,
7.43522763081e-10,
7.25213927637e-10,
7.07512351336e-10,
6.9039266692e-10,
6.73830785031e-10,
6.57803818916e-10,
6.42290014213e-10,
6.27268683418e-10,
6.12720144686e-10,
5.98625664654e-10,
5.84967404969e-10,
5.71728372276e-10,
5.58892371394e-10,
5.46443961459e-10,
5.34368414827e-10,
5.22651678534e-10,
5.11280338145e-10,
5.00241583809e-10,
4.89523178382e-10,
4.79113427481e-10,
4.69001151313e-10,
4.59175658191e-10,
4.49626719604e-10,
4.4034454674e-10,
4.3131976838e-10,
4.22543410053e-10,
4.14006874388e-10,
4.05701922578e-10,
3.97620656886e-10,
3.8975550413e-10,
3.82099200077e-10,
3.74644774701e-10,
3.67385538248e-10,
3.60315068047e-10,
3.53427196042e-10,
3.46715996983e-10,
3.40175777245e-10,
3.3380106424e-10,
3.27586596376e-10,
3.21527313545e-10,
3.15618348098e-10,
3.09855016283e-10,
3.04232810118e-10,
2.9874738968e-10,
2.93394575771e-10,
2.88170342965e-10,
2.83070812981e-10,
2.78092248403e-10,
2.73231046687e-10,
2.68483734477e-10,
2.63846962182e-10,
2.59317498822e-10,
2.54892227112e-10,
2.50568138792e-10,
2.46342330159e-10,
2.42211997822e-10
};
TGraph *grGSF_M1 = new TGraph(nGSF_ETable,adGSF_ETable,adGSF_M1);

double adGSF_E2[] = {
0,
0,
0,
0,
0,
0,
0,
0,
0,
0,
0,
0,
0,
0,
0,
0,
0,
0,
0,
0,
0,
0,
0,
0,
0,
0,
0,
0,
0,
0,
0,
0,
0,
0,
0,
0,
0,
0,
0,
0,
0,
0,
0,
0,
0,
0,
0,
0,
0,
0,
0,
0,
0,
0,
0,
0,
0,
0,
0,
0,
0,
0,
0,
0,
0,
0,
0,
0,
0,
0,
0,
0,
0,
0,
0,
0,
0,
0,
0,
0,
0,
0,
0,
0,
0,
0,
0,
0,
0,
0,
0,
0,
0,
0,
0,
0,
0,
0,
0,
0,
0,
0,
0,
0,
0,
0,
0,
0,
0,
0,
0,
0,
0,
0,
0,
0,
0,
0,
0,
0,
0,
0,
0,
0,
0,
0,
0,
0,
0,
0,
0,
0,
0,
0,
0,
0,
0,
0,
0,
0,
0,
0,
0,
0,
0,
0,
0,
0,
0,
0,
0,
0,
0,
0,
0,
0,
0,
0,
0,
0,
0,
0,
0,
0,
0,
0,
0,
0,
0,
0,
0,
0,
0,
0,
0,
0,
0,
0,
0,
0,
0,
0,
0,
0,
0,
0,
0,
0,
0,
0,
0,
0,
0,
0,
0,
0,
0,
0,
0,
0,
0,
0,
0,
0,
0,
0,
0,
0,
0,
0,
0,
0,
0,
0,
0,
0,
0,
0,
0,
0,
0,
0,
0,
0,
0,
0,
0,
0,
0,
0,
0,
0,
0,
0,
0,
0,
0,
0,
0,
0,
0,
0,
0,
0,
0,
0,
0,
0,
0,
0,
0
};
TGraph *grGSF_E2 = new TGraph(nGSF_ETable,adGSF_ETable,adGSF_E2);

