# bin    Ex    Popul.    J= 0.0-   J= 0.0+   J= 1.0-   J= 1.0+   J= 2.0-   J= 2.0+   J= 3.0-   J= 3.0+   J= 4.0-   J= 4.0+   J= 5.0-   J= 5.0+   J= 6.0-   J= 6.0+   J= 7.0-   J= 7.0+   J= 8.0-   J= 8.0+   J= 9.0-   J= 9.0+
#
   0   0.000 2.705E-02 0.000E+00 2.705E-02 0.000E+00 0.000E+00 0.000E+00 0.000E+00 0.000E+00 0.000E+00 0.000E+00 0.000E+00 0.000E+00 0.000E+00 0.000E+00 0.000E+00 0.000E+00 0.000E+00 0.000E+00 0.000E+00 0.000E+00 0.000E+00
   1   0.043 5.086E-02 0.000E+00 0.000E+00 0.000E+00 0.000E+00 0.000E+00 5.086E-02 0.000E+00 0.000E+00 0.000E+00 0.000E+00 0.000E+00 0.000E+00 0.000E+00 0.000E+00 0.000E+00 0.000E+00 0.000E+00 0.000E+00 0.000E+00 0.000E+00
   2   0.142 1.089E-02 0.000E+00 0.000E+00 0.000E+00 0.000E+00 0.000E+00 0.000E+00 0.000E+00 0.000E+00 0.000E+00 1.089E-02 0.000E+00 0.000E+00 0.000E+00 0.000E+00 0.000E+00 0.000E+00 0.000E+00 0.000E+00 0.000E+00 0.000E+00
   3   0.294 9.090E-04 0.000E+00 0.000E+00 0.000E+00 0.000E+00 0.000E+00 0.000E+00 0.000E+00 0.000E+00 0.000E+00 0.000E+00 0.000E+00 0.000E+00 0.000E+00 9.090E-04 0.000E+00 0.000E+00 0.000E+00 0.000E+00 0.000E+00 0.000E+00
   4   0.497 5.723E-04 0.000E+00 0.000E+00 0.000E+00 0.000E+00 0.000E+00 0.000E+00 0.000E+00 0.000E+00 0.000E+00 0.000E+00 0.000E+00 0.000E+00 0.000E+00 0.000E+00 0.000E+00 0.000E+00 0.000E+00 5.723E-04 0.000E+00 0.000E+00
   5   0.597 2.540E-02 0.000E+00 0.000E+00 2.540E-02 0.000E+00 0.000E+00 0.000E+00 0.000E+00 0.000E+00 0.000E+00 0.000E+00 0.000E+00 0.000E+00 0.000E+00 0.000E+00 0.000E+00 0.000E+00 0.000E+00 0.000E+00 0.000E+00 0.000E+00
   6   0.649 1.288E-02 0.000E+00 0.000E+00 0.000E+00 0.000E+00 0.000E+00 0.000E+00 1.288E-02 0.000E+00 0.000E+00 0.000E+00 0.000E+00 0.000E+00 0.000E+00 0.000E+00 0.000E+00 0.000E+00 0.000E+00 0.000E+00 0.000E+00 0.000E+00
   7   0.742 9.132E-04 0.000E+00 0.000E+00 0.000E+00 0.000E+00 0.000E+00 0.000E+00 0.000E+00 0.000E+00 0.000E+00 0.000E+00 9.132E-04 0.000E+00 0.000E+00 0.000E+00 0.000E+00 0.000E+00 0.000E+00 0.000E+00 0.000E+00 0.000E+00
   8   0.747 1.783E-04 0.000E+00 0.000E+00 0.000E+00 0.000E+00 0.000E+00 0.000E+00 0.000E+00 0.000E+00 0.000E+00 0.000E+00 0.000E+00 0.000E+00 0.000E+00 0.000E+00 0.000E+00 0.000E+00 0.000E+00 0.000E+00 0.000E+00 0.000E+00
   9   0.861 1.170E-02 0.000E+00 1.170E-02 0.000E+00 0.000E+00 0.000E+00 0.000E+00 0.000E+00 0.000E+00 0.000E+00 0.000E+00 0.000E+00 0.000E+00 0.000E+00 0.000E+00 0.000E+00 0.000E+00 0.000E+00 0.000E+00 0.000E+00 0.000E+00
  10   0.878 6.415E-05 0.000E+00 0.000E+00 0.000E+00 0.000E+00 0.000E+00 0.000E+00 0.000E+00 0.000E+00 0.000E+00 0.000E+00 0.000E+00 0.000E+00 0.000E+00 0.000E+00 6.415E-05 0.000E+00 0.000E+00 0.000E+00 0.000E+00 0.000E+00
  11   0.900 2.183E-02 0.000E+00 0.000E+00 0.000E+00 0.000E+00 0.000E+00 2.183E-02 0.000E+00 0.000E+00 0.000E+00 0.000E+00 0.000E+00 0.000E+00 0.000E+00 0.000E+00 0.000E+00 0.000E+00 0.000E+00 0.000E+00 0.000E+00 0.000E+00
  12   0.938 1.846E-02 0.000E+00 0.000E+00 1.846E-02 0.000E+00 0.000E+00 0.000E+00 0.000E+00 0.000E+00 0.000E+00 0.000E+00 0.000E+00 0.000E+00 0.000E+00 0.000E+00 0.000E+00 0.000E+00 0.000E+00 0.000E+00 0.000E+00 0.000E+00
  13   0.959 1.745E-02 0.000E+00 0.000E+00 0.000E+00 0.000E+00 1.745E-02 0.000E+00 0.000E+00 0.000E+00 0.000E+00 0.000E+00 0.000E+00 0.000E+00 0.000E+00 0.000E+00 0.000E+00 0.000E+00 0.000E+00 0.000E+00 0.000E+00 0.000E+00
  14   0.992 4.524E-03 0.000E+00 0.000E+00 0.000E+00 0.000E+00 0.000E+00 0.000E+00 0.000E+00 0.000E+00 0.000E+00 4.524E-03 0.000E+00 0.000E+00 0.000E+00 0.000E+00 0.000E+00 0.000E+00 0.000E+00 0.000E+00 0.000E+00 0.000E+00
  15   1.002 9.190E-03 0.000E+00 0.000E+00 0.000E+00 0.000E+00 0.000E+00 0.000E+00 9.190E-03 0.000E+00 0.000E+00 0.000E+00 0.000E+00 0.000E+00 0.000E+00 0.000E+00 0.000E+00 0.000E+00 0.000E+00 0.000E+00 0.000E+00 0.000E+00
  16   1.031 1.112E-02 0.000E+00 0.000E+00 0.000E+00 0.000E+00 0.000E+00 0.000E+00 0.000E+00 1.112E-02 0.000E+00 0.000E+00 0.000E+00 0.000E+00 0.000E+00 0.000E+00 0.000E+00 0.000E+00 0.000E+00 0.000E+00 0.000E+00 0.000E+00
  17   1.038 3.593E-03 0.000E+00 0.000E+00 0.000E+00 0.000E+00 0.000E+00 0.000E+00 0.000E+00 0.000E+00 3.593E-03 0.000E+00 0.000E+00 0.000E+00 0.000E+00 0.000E+00 0.000E+00 0.000E+00 0.000E+00 0.000E+00 0.000E+00 0.000E+00
  18   1.041 3.487E-06 0.000E+00 0.000E+00 0.000E+00 0.000E+00 0.000E+00 0.000E+00 0.000E+00 0.000E+00 0.000E+00 0.000E+00 0.000E+00 0.000E+00 0.000E+00 0.000E+00 0.000E+00 0.000E+00 0.000E+00 0.000E+00 0.000E+00 0.000E+00
  19   1.057 8.166E-03 1.436E-04 1.772E-04 8.851E-04 1.094E-03 1.298E-03 1.524E-03 8.701E-04 1.082E-03 3.789E-04 4.501E-04 6.541E-05 1.794E-04 1.196E-05 5.333E-06 3.274E-07 1.262E-06 2.593E-08 4.494E-09 1.466E-12 1.062E-10
  20   1.091 8.756E-03 1.536E-04 1.892E-04 9.479E-04 1.168E-03 1.391E-03 1.631E-03 9.355E-04 1.160E-03 4.086E-04 4.843E-04 7.144E-05 1.933E-04 1.296E-05 5.829E-06 3.632E-07 1.373E-06 2.842E-08 5.034E-09 1.657E-12 1.177E-10
  21   1.125 9.401E-03 1.646E-04 2.022E-04 1.017E-03 1.250E-03 1.494E-03 1.748E-03 1.007E-03 1.246E-03 4.412E-04 5.219E-04 7.813E-05 2.085E-04 1.406E-05 6.380E-06 4.035E-07 1.496E-06 3.119E-08 5.647E-09 1.874E-12 1.305E-10
  22   1.160 1.011E-02 1.766E-04 2.165E-04 1.092E-03 1.339E-03 1.606E-03 1.876E-03 1.086E-03 1.340E-03 4.770E-04 5.631E-04 8.557E-05 2.252E-04 1.528E-05 6.993E-06 4.488E-07 1.632E-06 3.426E-08 6.342E-09 2.122E-12 1.450E-10
  23   1.197 1.088E-02 1.898E-04 2.320E-04 1.174E-03 1.436E-03 1.729E-03 2.016E-03 1.172E-03 1.443E-03 5.164E-04 6.083E-04 9.385E-05 2.435E-04 1.662E-05 7.675E-06 4.999E-07 1.782E-06 3.768E-08 7.132E-09 2.406E-12 1.613E-10
  24   1.234 1.173E-02 2.043E-04 2.490E-04 1.264E-03 1.542E-03 1.865E-03 2.169E-03 1.268E-03 1.555E-03 5.598E-04 6.580E-04 1.031E-04 2.636E-04 1.809E-05 8.436E-06 5.576E-07 1.948E-06 4.150E-08 8.031E-09 2.731E-12 1.797E-10
  25   1.273 1.266E-02 2.201E-04 2.676E-04 1.364E-03 1.659E-03 2.013E-03 2.337E-03 1.372E-03 1.679E-03 6.078E-04 7.128E-04 1.134E-04 2.858E-04 1.973E-05 9.285E-06 6.227E-07 2.132E-06 4.576E-08 9.054E-09 3.103E-12 2.004E-10
  26   1.313 1.369E-02 2.376E-04 2.880E-04 1.473E-03 1.787E-03 2.177E-03 2.522E-03 1.488E-03 1.816E-03 6.608E-04 7.732E-04 1.249E-04 3.102E-04 2.154E-05 1.023E-05 6.964E-07 2.336E-06 5.052E-08 1.022E-08 3.531E-12 2.239E-10
  27   1.354 1.483E-02 2.568E-04 3.105E-04 1.593E-03 1.928E-03 2.358E-03 2.725E-03 1.616E-03 1.966E-03 7.195E-04 8.399E-04 1.378E-04 3.372E-04 2.355E-05 1.130E-05 7.799E-07 2.563E-06 5.585E-08 1.155E-08 4.022E-12 2.506E-10
  28   1.397 1.608E-02 2.780E-04 3.352E-04 1.726E-03 2.083E-03 2.557E-03 2.949E-03 1.758E-03 2.132E-03 7.846E-04 9.138E-04 1.522E-04 3.670E-04 2.579E-05 1.249E-05 8.745E-07 2.816E-06 6.182E-08 1.307E-08 4.586E-12 2.808E-10
  29   1.441 1.746E-02 3.014E-04 3.624E-04 1.873E-03 2.254E-03 2.778E-03 3.197E-03 1.914E-03 2.315E-03 8.569E-04 9.956E-04 1.684E-04 4.000E-04 2.827E-05 1.383E-05 9.819E-07 3.098E-06 6.853E-08 1.481E-08 5.236E-12 3.152E-10
  30   1.486 1.900E-02 3.273E-04 3.925E-04 2.035E-03 2.442E-03 3.022E-03 3.471E-03 2.088E-03 2.518E-03 9.373E-04 1.086E-03 1.866E-04 4.366E-04 3.104E-05 1.533E-05 1.104E-06 3.413E-06 7.608E-08 1.680E-08 5.984E-12 3.544E-10
  31   1.532 2.069E-02 3.560E-04 4.257E-04 2.216E-03 2.651E-03 3.294E-03 3.774E-03 2.282E-03 2.743E-03 1.027E-03 1.187E-03 2.071E-04 4.773E-04 3.413E-05 1.702E-05 1.243E-06 3.765E-06 8.457E-08 1.907E-08 6.845E-12 3.991E-10
  32   1.581 2.265E-02 3.890E-04 4.640E-04 2.423E-03 2.892E-03 3.605E-03 4.123E-03 2.504E-03 3.003E-03 1.130E-03 1.304E-03 2.304E-04 5.246E-04 3.772E-05 1.896E-05 1.401E-06 4.176E-06 9.443E-08 2.168E-08 7.837E-12 4.502E-10
  33   1.630 2.489E-02 4.266E-04 5.078E-04 2.658E-03 3.166E-03 3.961E-03 4.523E-03 2.758E-03 3.300E-03 1.247E-03 1.437E-03 2.569E-04 5.789E-04 4.184E-05 2.118E-05 1.582E-06 4.650E-06 1.058E-07 2.467E-08 8.983E-12 5.088E-10
  34   1.681 2.740E-02 4.687E-04 5.568E-04 2.923E-03 3.475E-03 4.360E-03 4.971E-03 3.043E-03 3.634E-03 1.380E-03 1.587E-03 2.870E-04 6.402E-04 4.650E-05 2.370E-05 1.789E-06 5.187E-06 1.188E-07 2.810E-08 1.031E-11 5.761E-10
  35   1.734 3.023E-02 5.160E-04 6.119E-04 3.220E-03 3.821E-03 4.809E-03 5.476E-03 3.365E-03 4.011E-03 1.530E-03 1.757E-03 3.210E-04 7.095E-04 5.179E-05 2.656E-05 2.026E-06 5.800E-06 1.336E-07 3.205E-08 1.183E-11 6.536E-10
  36   1.789 3.343E-02 5.693E-04 6.740E-04 3.555E-03 4.212E-03 5.316E-03 6.044E-03 3.728E-03 4.436E-03 1.699E-03 1.949E-03 3.597E-04 7.881E-04 5.781E-05 2.982E-05 2.297E-06 6.498E-06 1.506E-07 3.659E-08 1.360E-11 7.429E-10
  37   1.845 3.704E-02 6.295E-04 7.440E-04 3.934E-03 4.653E-03 5.888E-03 6.687E-03 4.139E-03 4.917E-03 1.891E-03 2.166E-03 4.038E-04 8.773E-04 6.467E-05 3.354E-05 2.607E-06 7.297E-06 1.702E-07 4.182E-08 1.565E-11 8.463E-10
  38   1.903 4.113E-02 6.976E-04 8.233E-04 4.362E-03 5.152E-03 6.537E-03 7.416E-03 4.606E-03 5.462E-03 2.110E-03 2.414E-03 4.539E-04 9.791E-04 7.251E-05 3.780E-05 2.963E-06 8.213E-06 1.927E-07 4.786E-08 1.803E-11 9.661E-10
  39   1.962 4.579E-02 7.748E-04 9.131E-04 4.848E-03 5.718E-03 7.274E-03 8.243E-03 5.136E-03 6.083E-03 2.359E-03 2.695E-03 5.112E-04 1.095E-03 8.149E-05 4.267E-05 3.373E-06 9.266E-06 2.186E-07 5.482E-08 2.079E-11 1.105E-09
  40   2.024 5.109E-02 8.625E-04 1.015E-03 5.401E-03 6.362E-03 8.112E-03 9.185E-03 5.740E-03 6.791E-03 2.643E-03 3.017E-03 5.767E-04 1.228E-03 9.181E-05 4.825E-05 3.844E-06 1.048E-05 2.487E-07 6.287E-08 2.399E-11 1.267E-09
  41   2.088 5.715E-02 9.625E-04 1.132E-03 6.031E-03 7.098E-03 9.069E-03 1.026E-02 6.431E-03 7.600E-03 2.968E-03 3.386E-03 6.516E-04 1.381E-03 1.037E-04 5.468E-05 4.387E-06 1.188E-05 2.837E-07 7.218E-08 2.771E-11 1.457E-09
  42   2.153 6.408E-02 1.077E-03 1.265E-03 6.751E-03 7.939E-03 1.016E-02 1.149E-02 7.222E-03 8.528E-03 3.342E-03 3.809E-03 7.377E-04 1.558E-03 1.174E-04 6.208E-05 5.013E-06 1.351E-05 3.244E-07 8.297E-08 3.204E-11 1.678E-09
  43   2.221 7.205E-02 1.208E-03 1.418E-03 7.576E-03 8.904E-03 1.142E-02 1.291E-02 8.131E-03 9.596E-03 3.772E-03 4.297E-03 8.366E-04 1.762E-03 1.333E-04 7.063E-05 5.737E-06 1.540E-05 3.719E-07 9.548E-08 3.709E-11 1.938E-09
  44   2.290 8.123E-02 1.358E-03 1.594E-03 8.524E-03 1.002E-02 1.286E-02 1.454E-02 9.177E-03 1.083E-02 4.268E-03 4.861E-03 9.506E-04 1.998E-03 1.519E-04 8.052E-05 6.576E-06 1.761E-05 4.275E-07 1.100E-07 4.297E-11 2.243E-09
  45   2.362 9.184E-02 1.531E-03 1.797E-03 9.617E-03 1.130E-02 1.453E-02 1.642E-02 1.039E-02 1.225E-02 4.842E-03 5.514E-03 1.082E-03 2.273E-03 1.734E-04 9.199E-05 7.548E-06 2.020E-05 4.928E-07 1.269E-07 4.985E-11 2.603E-09
  46   2.437 1.041E-01 1.731E-03 2.032E-03 1.088E-02 1.278E-02 1.646E-02 1.860E-02 1.179E-02 1.390E-02 5.508E-03 6.273E-03 1.235E-03 2.594E-03 1.987E-04 1.053E-04 8.677E-06 2.324E-05 5.699E-07 1.466E-07 5.789E-11 3.028E-09
  47   2.513 1.184E-01 1.963E-03 2.306E-03 1.235E-02 1.451E-02 1.870E-02 2.114E-02 1.341E-02 1.583E-02 6.283E-03 7.158E-03 1.411E-03 2.970E-03 2.283E-04 1.209E-04 9.991E-06 2.682E-05 6.609E-07 1.696E-07 6.731E-11 3.532E-09
  48   2.592 1.351E-01 2.233E-03 2.624E-03 1.405E-02 1.652E-02 2.131E-02 2.410E-02 1.531E-02 1.808E-02 7.190E-03 8.195E-03 1.617E-03 3.413E-03 2.632E-04 1.391E-04 1.152E-05 3.105E-05 7.689E-07 1.964E-07 7.836E-11 4.131E-09
  49   2.673 1.546E-01 2.548E-03 2.997E-03 1.604E-02 1.888E-02 2.436E-02 2.756E-02 1.753E-02 2.072E-02 8.252E-03 9.412E-03 1.856E-03 3.935E-03 3.044E-04 1.604E-04 1.332E-05 3.608E-05 8.975E-07 2.278E-07 9.135E-11 4.844E-09
  50   2.757 1.776E-01 2.917E-03 3.434E-03 1.838E-02 2.165E-02 2.794E-02 3.164E-02 2.014E-02 2.383E-02 9.502E-03 1.085E-02 2.136E-03 4.554E-03 3.533E-04 1.855E-04 1.541E-05 4.208E-05 1.051E-06 2.647E-07 1.066E-10 5.695E-09
  51   2.844 2.046E-01 3.350E-03 3.950E-03 2.112E-02 2.492E-02 3.215E-02 3.645E-02 2.321E-02 2.750E-02 1.098E-02 1.255E-02 2.465E-03 5.291E-03 4.116E-04 2.151E-04 1.788E-05 4.926E-05 1.235E-06 3.080E-07 1.246E-10 6.713E-09
  52   2.933 2.367E-01 3.862E-03 4.561E-03 2.436E-02 2.879E-02 3.714E-02 4.215E-02 2.684E-02 3.186E-02 1.272E-02 1.456E-02 2.851E-03 6.172E-03 4.813E-04 2.501E-04 2.077E-05 5.788E-05 1.457E-06 3.590E-07 1.459E-10 7.934E-09
  53   3.025 2.748E-01 4.468E-03 5.287E-03 2.820E-02 3.339E-02 4.304E-02 4.893E-02 3.115E-02 3.705E-02 1.480E-02 1.697E-02 3.306E-03 7.228E-03 5.650E-04 2.916E-04 2.419E-05 6.829E-05 1.724E-06 4.191E-07 1.711E-10 9.402E-09
  54   3.120 3.203E-01 5.189E-03 6.154E-03 3.276E-02 3.889E-02 5.009E-02 5.703E-02 3.629E-02 4.326E-02 1.729E-02 1.986E-02 3.844E-03 8.502E-03 6.659E-04 3.411E-04 2.822E-05 8.090E-05 2.049E-06 4.901E-07 2.009E-10 1.117E-08
  55   3.218 3.748E-01 6.050E-03 7.194E-03 3.822E-02 4.548E-02 5.851E-02 6.676E-02 4.244E-02 5.073E-02 2.027E-02 2.333E-02 4.482E-03 1.005E-02 7.881E-04 4.003E-04 3.300E-05 9.626E-05 2.443E-06 5.741E-07 2.363E-10 1.330E-08
  56   3.319 4.405E-01 7.083E-03 8.446E-03 4.477E-02 5.342E-02 6.862E-02 7.847E-02 4.983E-02 5.975E-02 2.385E-02 2.752E-02 5.242E-03 1.192E-02 9.366E-04 4.713E-04 3.866E-05 1.150E-04 2.925E-06 6.736E-07 2.784E-10 1.588E-08
  57   3.423 5.199E-01 8.327E-03 9.961E-03 5.265E-02 6.303E-02 8.083E-02 9.265E-02 5.875E-02 7.067E-02 2.819E-02 3.261E-02 6.147E-03 1.422E-02 1.118E-03 5.567E-04 4.540E-05 1.381E-04 3.516E-06 7.917E-07 3.284E-10 1.900E-08
  58   3.531 6.163E-01 9.831E-03 1.180E-02 6.220E-02 7.472E-02 9.561E-02 1.099E-01 6.956E-02 8.398E-02 3.345E-02 3.882E-02 7.230E-03 1.703E-02 1.340E-03 6.598E-04 5.342E-05 1.666E-04 4.244E-06 9.319E-07 3.880E-10 2.279E-08
  59   3.642 7.340E-01 1.166E-02 1.405E-02 7.378E-02 8.898E-02 1.136E-01 1.309E-01 8.270E-02 1.003E-01 3.987E-02 4.641E-02 8.530E-03 2.050E-02 1.614E-03 7.848E-04 6.298E-05 2.018E-04 5.143E-06 1.099E-06 4.590E-10 2.738E-08
  60   3.756 8.780E-01 1.388E-02 1.680E-02 8.792E-02 1.065E-01 1.356E-01 1.568E-01 9.876E-02 1.202E-01 4.772E-02 5.575E-02 1.009E-02 2.481E-02 1.953E-03 9.367E-04 7.441E-05 2.457E-04 6.257E-06 1.297E-06 5.436E-10 3.294E-08
  61   3.874 1.055E+00 1.661E-02 2.019E-02 1.052E-01 1.280E-01 1.625E-01 1.886E-01 1.184E-01 1.449E-01 5.736E-02 6.727E-02 1.197E-02 3.016E-02 2.373E-03 1.122E-03 8.805E-05 3.005E-04 7.644E-06 1.532E-06 6.444E-10 3.969E-08
  62 3.9500515 10.0 0.114895738681 0.57610398677 0.641604809668 2.03705968927 0.744421368057 1.39636304353 0.693208124066 1.31193980513 0.587728084919 0.209584830062 0.364396773618 0.156083173013 0.389506305888 0.0491868782315 0.419638744793 0.0321788082749 0.255800171931 0.0109289726796 0.00337660947801 0.00599408193179
63 4.0500515 10.0 0.123566340794 0.556585630682 0.693963468595 1.97340579177 0.807340967247 1.37318127117 0.747798201915 1.29370490185 0.634579732016 0.215325930928 0.39220691101 0.160221968132 0.374809765606 0.0509502117983 0.340565574256 0.0332760163037 0.207845578481 0.0111660188162 0.00337861085284 0.00612710778109
64 4.1500515 10.0 0.131792577692 0.535245755466 0.744538197884 1.90259037342 0.868575388137 1.3420670958 0.800096137199 1.26772179543 0.679639587522 0.219453260188 0.418818926706 0.163143186316 0.367121678068 0.0523043572495 0.280522185419 0.0341031010448 0.171401663758 0.0113070228264 0.00335059942224 0.00620711045206
65 4.25005 10.0 0.139638604322 0.512979386968 0.793678846213 1.82783406436 0.928524606036 1.30546802347 0.85045084944 1.23626082916 0.723213430206 0.222213153958 0.444450312145 0.165033078828 0.364318192866 0.0532973910003 0.233938219914 0.034695113279 0.143100214258 0.0113650025134 0.00329758103378 0.00624310003423
66 4.3500515 10.0 0.147142367344 0.490344535398 0.841617094787 1.7511769029 0.987456237455 1.26506709757 0.89907500053 1.20089003344 0.765490970643 0.223786580807 0.469238896786 0.166029623507 0.364989924263 0.0539673039632 0.197119983485 0.035077047283 0.120710810544 0.0113529572498 0.0032265562583 0.00624007578907
67 4.4500515 10.0 0.154332943368 0.467694619466 0.888515359432 1.67393638871 1.04555175725 1.22206042836 0.946096038744 1.16273445566 0.806586587205 0.224308706294 0.493275919682 0.166235944262 0.368174890199 0.0543421349129 0.167553165687 0.0352669283707 0.102712265932 0.0112788959824 0.00313952775462 0.00620304273148
68 4.5500515 10.0 0.161227215545 0.445257398853 0.934495949041 1.59697566824 1.1029483394 1.17731843198 0.991580230946 1.12261753761 0.846565651575 0.223887404092 0.516620002412 0.165735948665 0.373197681943 0.0544458528957 0.143477329414 0.035282736973 0.0880413155179 0.0111498129596 0.00303949422176 0.00613599771323
69 4.6500515 10.0 0.167841283945 0.423176269404 0.979660414821 1.52086416733 1.15975361742 1.13148619074 1.03556216904 1.0811603097 0.885461663296 0.222608860548 0.539307455548 0.164595775698 0.379569440574 0.0542985031456 0.123635361298 0.0351385026895 0.075934891404 0.0109727183277 0.00293045890987 0.00604194616877
70 4.7500515 10.0 0.174187162912 0.401544311956 1.02410382039 1.44597918607 1.21606765336 1.08504897436 1.0780479228 1.03883403287 0.923283677208 0.220547126178 0.561356315719 0.162874463744 0.386928116603 0.0539170983482 0.107106087334 0.0348442336039 0.0658398891514 0.0107516148926 0.00281442272629 0.00592388976824
71 4.8500515 10.0 0.180276977913 0.380417818208 1.06792488798 1.37256478659 1.27198829351 1.03837663007 1.11902425139 0.996003524108 0.960022339219 0.217764379847 0.58276897701 0.160620145363 0.394999919488 0.0533186832223 0.0932064310467 0.0344119587633 0.0573402627319 0.0104935121151 0.00269138782899 0.00578483359452
72 4.9500515 10.0 0.186124554901 0.359829404577 1.11122957182 1.30077359621 1.3276212824 0.991750167298 1.15846005657 0.952952840425 0.995650702842 0.214317425783 0.6035338652 0.157876676468 0.403568409943 0.0525182107503 0.0814201789906 0.0338536481059 0.0501248821463 0.0102014006523 0.00256535222286 0.00562777269319
73 5.0500515 10.0 0.191745003548 0.339796309439 1.15414850096 1.23069748295 1.38308835472 0.945386278371 1.19631299922 0.909903651436 1.0301273286 0.210252416915 0.623627321003 0.154682170555 0.412453783973 0.0515307196058 0.0713493039492 0.0331763261929 0.0439527314362 0.00987928825919 0.00243631769583 0.00545371116394
74 5.1500515 10.0 0.197157348933 0.320321559713 1.19683380898 1.16238255425 1.43853665928 0.899447081715 1.23252021625 0.867027077844 1.06339232895 0.205613393254 0.643004411045 0.15107165735 0.421505055874 0.0503692205987 0.0626857416891 0.0323910002885 0.0386367716413 0.00953217722389 0.00230628482618 0.00526565030781
75 5.2500515 10.0 0.202383577687 0.301404113579 1.23947739912 1.09584266567 1.49414706813 0.854055497465 1.26700160569 0.824457049246 1.09536360986 0.200439351184 0.661602076642 0.147075134253 0.430582162822 0.0490467139422 0.0551854291025 0.0315046702941 0.0340299644909 0.00916206738085 0.00217525341702 0.00506459002474
76 5.3500515 10.0 0.20745173671 0.283035020638 1.28232054233 1.03106800505 1.55014389577 0.809298699137 1.2996514418 0.782293739394 1.12593240219 0.194764346172 0.679329454508 0.142719642073 0.43954917459 0.0475752142435 0.0486553326245 0.0305263456875 0.0300152896757 0.00877296151658 0.00204422404696 0.00485253183749
77 5.4500515 10.0 0.212397792013 0.265201209644 1.32566701344 0.968030319911 1.6068148592 0.765235513164 1.33033249211 0.740608986482 1.15495449833 0.18861735214 0.696063416106 0.138030161895 0.448264991988 0.0459657160825 0.042939405583 0.0294630229062 0.0264987187685 0.00836785854229 0.00191519649916 0.00463147518935
78 5.5500515 10.0 0.217267792528 0.247889723046 1.36991510088 0.906689770211 1.66453129564 0.721900085838 1.35886304319 0.699448937263 1.18223914029 0.182023419641 0.711634103384 0.133025730562 0.456568693624 0.0442292327376 0.0379116281428 0.0283217103877 0.0234022395943 0.0079487606964 0.00178717103227 0.00440242131172
79 5.6500515 10.0 0.222122791141 0.231080589281 1.41558112828 0.846990466851 1.72377858867 0.679301525766 1.38499840336 0.658837702439 1.20752759071 0.175004592909 0.725815670176 0.127723380153 0.464277367113 0.0423747755925 0.0334679819972 0.0271084153598 0.0206628410591 0.00751766982438 0.0016621480974 0.00416637122368
80 5.7500515 10.0 0.227039753484 0.214753738659 1.46335887344 0.788865160262 1.78520545797 0.637425651359 1.4084043342 0.618773110659 1.23047063687 0.167571841434 0.738302983826 0.122134088276 0.471159917809 0.0404103378939 0.029523438636 0.0258281334038 0.0182305058398 0.00707758460849 0.0015391271319 0.00392532423178
81 5.8500515 10.0 0.23212768813 0.198885155049 1.51419138138 0.732228795834 1.84969494675 0.59622743253 1.42861386038 0.579225136955 1.2505852946 0.159734171744 0.748681049496 0.116265859458 0.476924341635 0.0383409215782 0.0260049815796 0.0244838656706 0.0160592237128 0.00662850509209 0.00141810805983 0.00367928036116
82 5.9500515 10.0 0.237534532403 0.183444767756 1.56939723005 0.67697111719 1.91848452652 0.555626671616 1.44495056856 0.540125592741 1.26718419602 0.151483543255 0.756380644093 0.110112663841 0.481184490441 0.0361725176072 0.0228515904707 0.0230796063406 0.0141129822636 0.00617342967071 0.0013000904863 0.00342923867501
83 6.0500515 10.0 0.243474460628 0.168393693 1.63089156161 0.622945557043 1.99336757884 0.515486733408 1.45640348162 0.501348835651 1.27926023302 0.14279606755 0.760604298373 0.103660582447 0.483411696643 0.0339011527232 0.0200102706522 0.0216133724492 0.0123587847828 0.00571136267153 0.00118507525228 0.0031752016253
84 6.1500515 10.0 0.250266415346 0.153680852017 1.70158101107 0.569937828419 2.07706263881 0.475575393143 1.46138117556 0.46267865029 1.28526703138 0.133616696322 0.76019478722 0.0968705797454 0.48285381238 0.0315218156566 0.0174340041986 0.020080156617 0.0107666201573 0.00524230195659 0.00107206175076 0.00291616797128
