bin    Ex    Popul.    J= 0.0    J= 1.0    J= 2.0    J= 3.0    J= 4.0    J= 5.0    J= 6.0    J= 7.0    J= 8.0    J= 9.0

  0   0.000 2.704E-02 2.704E-02 0.000E+00 0.000E+00 0.000E+00 0.000E+00 0.000E+00 0.000E+00 0.000E+00 0.000E+00 0.000E+00 0 0 0 0 0 0 0 0 0 0 0 0 0
   1   0.043 5.085E-02 0.000E+00 0.000E+00 5.085E-02 0.000E+00 0.000E+00 0.000E+00 0.000E+00 0.000E+00 0.000E+00 0.000E+00 0 0 0 0 0 0 0 0 0 0 0 0 0
   2   0.142 1.089E-02 0.000E+00 0.000E+00 0.000E+00 0.000E+00 1.089E-02 0.000E+00 0.000E+00 0.000E+00 0.000E+00 0.000E+00 0 0 0 0 0 0 0 0 0 0 0 0 0
   3   0.294 9.090E-04 0.000E+00 0.000E+00 0.000E+00 0.000E+00 0.000E+00 0.000E+00 9.090E-04 0.000E+00 0.000E+00 0.000E+00 0 0 0 0 0 0 0 0 0 0 0 0 0
   4   0.497 5.723E-04 0.000E+00 0.000E+00 0.000E+00 0.000E+00 0.000E+00 0.000E+00 0.000E+00 0.000E+00 5.723E-04 0.000E+00 0 0 0 0 0 0 0 0 0 0 0 0 0
   5   0.597 2.539E-02 0.000E+00 2.539E-02 0.000E+00 0.000E+00 0.000E+00 0.000E+00 0.000E+00 0.000E+00 0.000E+00 0.000E+00 0 0 0 0 0 0 0 0 0 0 0 0 0
   6   0.649 1.287E-02 0.000E+00 0.000E+00 0.000E+00 1.287E-02 0.000E+00 0.000E+00 0.000E+00 0.000E+00 0.000E+00 0.000E+00 0 0 0 0 0 0 0 0 0 0 0 0 0
   7   0.742 9.130E-04 0.000E+00 0.000E+00 0.000E+00 0.000E+00 0.000E+00 9.130E-04 0.000E+00 0.000E+00 0.000E+00 0.000E+00 0 0 0 0 0 0 0 0 0 0 0 0 0
   8   0.747 1.783E-04 0.000E+00 0.000E+00 0.000E+00 0.000E+00 0.000E+00 0.000E+00 0.000E+00 0.000E+00 0.000E+00 0.000E+00 0 0 0 0 0 0 0 0 0 0 0 0 0
   9   0.861 1.170E-02 1.170E-02 0.000E+00 0.000E+00 0.000E+00 0.000E+00 0.000E+00 0.000E+00 0.000E+00 0.000E+00 0.000E+00 0 0 0 0 0 0 0 0 0 0 0 0 0
  10   0.878 6.415E-05 0.000E+00 0.000E+00 0.000E+00 0.000E+00 0.000E+00 0.000E+00 0.000E+00 6.415E-05 0.000E+00 0.000E+00 0 0 0 0 0 0 0 0 0 0 0 0 0
  11   0.900 2.183E-02 0.000E+00 0.000E+00 2.183E-02 0.000E+00 0.000E+00 0.000E+00 0.000E+00 0.000E+00 0.000E+00 0.000E+00 0 0 0 0 0 0 0 0 0 0 0 0 0
  12   0.938 1.846E-02 0.000E+00 1.846E-02 0.000E+00 0.000E+00 0.000E+00 0.000E+00 0.000E+00 0.000E+00 0.000E+00 0.000E+00 0 0 0 0 0 0 0 0 0 0 0 0 0
  13   0.959 1.744E-02 0.000E+00 0.000E+00 1.744E-02 0.000E+00 0.000E+00 0.000E+00 0.000E+00 0.000E+00 0.000E+00 0.000E+00 0 0 0 0 0 0 0 0 0 0 0 0 0
  14   0.992 4.523E-03 0.000E+00 0.000E+00 0.000E+00 0.000E+00 4.523E-03 0.000E+00 0.000E+00 0.000E+00 0.000E+00 0.000E+00 0 0 0 0 0 0 0 0 0 0 0 0 0
  15   1.002 9.188E-03 0.000E+00 0.000E+00 0.000E+00 9.188E-03 0.000E+00 0.000E+00 0.000E+00 0.000E+00 0.000E+00 0.000E+00 0 0 0 0 0 0 0 0 0 0 0 0 0
  16   1.031 1.112E-02 0.000E+00 0.000E+00 0.000E+00 1.112E-02 0.000E+00 0.000E+00 0.000E+00 0.000E+00 0.000E+00 0.000E+00 0 0 0 0 0 0 0 0 0 0 0 0 0
  17   1.038 3.593E-03 0.000E+00 0.000E+00 0.000E+00 0.000E+00 3.593E-03 0.000E+00 0.000E+00 0.000E+00 0.000E+00 0.000E+00 0 0 0 0 0 0 0 0 0 0 0 0 0
  18   1.041 3.486E-06 0.000E+00 0.000E+00 0.000E+00 0.000E+00 0.000E+00 0.000E+00 0.000E+00 0.000E+00 0.000E+00 0.000E+00 0 0 0 0 0 0 0 0 0 0 0 0 0
  19   1.061 9.737E-03 2.112E-04 1.304E-03 1.817E-03 1.290E-03 5.369E-04 2.140E-04 6.372E-06 1.507E-06 5.383E-09 1.271E-10 0 0 0 0 0 0 0 0 0 0 0 0 0
  20   1.100 1.058E-02 2.283E-04 1.410E-03 1.970E-03 1.402E-03 5.858E-04 2.338E-04 7.082E-06 1.666E-06 6.160E-09 1.435E-10 0 0 0 0 0 0 0 0 0 0 0 0 0
  21   1.141 1.151E-02 2.472E-04 1.528E-03 2.139E-03 1.526E-03 6.403E-04 2.559E-04 7.887E-06 1.845E-06 7.061E-09 1.624E-10 0 0 0 0 0 0 0 0 0 0 0 0 0
  22   1.184 1.256E-02 2.682E-04 1.659E-03 2.328E-03 1.665E-03 7.012E-04 2.806E-04 8.799E-06 2.046E-06 8.109E-09 1.841E-10 0 0 0 0 0 0 0 0 0 0 0 0 0
  23   1.228 1.372E-02 2.914E-04 1.805E-03 2.537E-03 1.819E-03 7.692E-04 3.082E-04 9.837E-06 2.273E-06 9.330E-09 2.091E-10 0 0 0 0 0 0 0 0 0 0 0 0 0
  24   1.274 1.502E-02 3.174E-04 1.968E-03 2.772E-03 1.992E-03 8.455E-04 3.390E-04 1.102E-05 2.530E-06 1.075E-08 2.380E-10 0 0 0 0 0 0 0 0 0 0 0 0 0
  25   1.321 1.648E-02 3.463E-04 2.149E-03 3.034E-03 2.185E-03 9.313E-04 3.737E-04 1.237E-05 2.820E-06 1.241E-08 2.714E-10 0 0 0 0 0 0 0 0 0 0 0 0 0
  26   1.371 1.812E-02 3.787E-04 2.352E-03 3.327E-03 2.402E-03 1.028E-03 4.127E-04 1.391E-05 3.149E-06 1.436E-08 3.102E-10 0 0 0 0 0 0 0 0 0 0 0 0 0
  27   1.422 1.996E-02 4.150E-04 2.580E-03 3.657E-03 2.646E-03 1.137E-03 4.566E-04 1.568E-05 3.523E-06 1.663E-08 3.554E-10 0 0 0 0 0 0 0 0 0 0 0 0 0
  28   1.475 2.204E-02 4.558E-04 2.836E-03 4.028E-03 2.922E-03 1.259E-03 5.062E-04 1.770E-05 3.949E-06 1.930E-08 4.081E-10 0 0 0 0 0 0 0 0 0 0 0 0 0
  29   1.530 2.438E-02 5.017E-04 3.124E-03 4.447E-03 3.232E-03 1.399E-03 5.623E-04 2.003E-05 4.435E-06 2.243E-08 4.696E-10 0 0 0 0 0 0 0 0 0 0 0 0 0
  30   1.587 2.715E-02 5.557E-04 3.463E-03 4.940E-03 3.599E-03 1.563E-03 6.290E-04 2.277E-05 5.014E-06 2.611E-08 5.417E-10 0 0 0 0 0 0 0 0 0 0 0 0 0
  31   1.646 3.036E-02 6.186E-04 3.859E-03 5.514E-03 4.026E-03 1.755E-03 7.073E-04 2.597E-05 5.697E-06 3.043E-08 6.265E-10 0 0 0 0 0 0 0 0 0 0 0 0 0
  32   1.708 3.406E-02 6.907E-04 4.312E-03 6.174E-03 4.518E-03 1.976E-03 7.976E-04 2.969E-05 6.493E-06 3.553E-08 7.264E-10 0 0 0 0 0 0 0 0 0 0 0 0 0
  33   1.771 3.832E-02 7.736E-04 4.833E-03 6.933E-03 5.085E-03 2.232E-03 9.023E-04 3.403E-05 7.421E-06 4.155E-08 8.447E-10 0 0 0 0 0 0 0 0 0 0 0 0 0
  34   1.837 4.325E-02 8.692E-04 5.435E-03 7.810E-03 5.741E-03 2.529E-03 1.024E-03 3.910E-05 8.508E-06 4.867E-08 9.851E-10 0 0 0 0 0 0 0 0 0 0 0 0 0
  35   1.906 4.897E-02 9.798E-04 6.131E-03 8.827E-03 6.502E-03 2.874E-03 1.166E-03 4.504E-05 9.786E-06 5.709E-08 1.152E-09 0 0 0 0 0 0 0 0 0 0 0 0 0
  36   1.977 5.562E-02 1.108E-03 6.940E-03 1.001E-02 7.390E-03 3.277E-03 1.332E-03 5.201E-05 1.129E-05 6.707E-08 1.352E-09 0 0 0 0 0 0 0 0 0 0 0 0 0
  37   2.051 6.338E-02 1.258E-03 7.884E-03 1.139E-02 8.427E-03 3.749E-03 1.528E-03 6.021E-05 1.308E-05 7.891E-08 1.591E-09 0 0 0 0 0 0 0 0 0 0 0 0 0
  38   2.127 7.249E-02 1.433E-03 8.989E-03 1.301E-02 9.644E-03 4.304E-03 1.758E-03 6.990E-05 1.520E-05 9.301E-08 1.879E-09 0 0 0 0 0 0 0 0 0 0 0 0 0
  39   2.207 8.321E-02 1.639E-03 1.029E-02 1.491E-02 1.108E-02 4.959E-03 2.032E-03 8.138E-05 1.774E-05 1.098E-07 2.226E-09 0 0 0 0 0 0 0 0 0 0 0 0 0
  40   2.289 9.587E-02 1.882E-03 1.182E-02 1.716E-02 1.278E-02 5.736E-03 2.358E-03 9.502E-05 2.079E-05 1.298E-07 2.647E-09 0 0 0 0 0 0 0 0 0 0 0 0 0
  41   2.375 1.109E-01 2.169E-03 1.364E-02 1.982E-02 1.479E-02 6.662E-03 2.748E-03 1.113E-04 2.445E-05 1.538E-07 3.158E-09 0 0 0 0 0 0 0 0 0 0 0 0 0
  42   2.463 1.288E-01 2.511E-03 1.580E-02 2.300E-02 1.720E-02 7.769E-03 3.216E-03 1.307E-04 2.890E-05 1.825E-07 3.781E-09 0 0 0 0 0 0 0 0 0 0 0 0 0
  43   2.555 1.502E-01 2.921E-03 1.839E-02 2.680E-02 2.009E-02 9.099E-03 3.783E-03 1.541E-04 3.430E-05 2.170E-07 4.543E-09 0 0 0 0 0 0 0 0 0 0 0 0 0
  44   2.651 1.760E-01 3.413E-03 2.150E-02 3.138E-02 2.358E-02 1.070E-02 4.471E-03 1.823E-04 4.091E-05 2.586E-07 5.480E-09 0 0 0 0 0 0 0 0 0 0 0 0 0
  45   2.750 2.072E-01 4.008E-03 2.527E-02 3.692E-02 2.780E-02 1.265E-02 5.311E-03 2.163E-04 4.905E-05 3.087E-07 6.634E-09 0 0 0 0 0 0 0 0 0 0 0 0 0
  46   2.852 2.451E-01 4.731E-03 2.984E-02 4.366E-02 3.294E-02 1.503E-02 6.343E-03 2.578E-04 5.910E-05 3.694E-07 8.061E-09 0 0 0 0 0 0 0 0 0 0 0 0 0
  47   2.959 2.914E-01 5.614E-03 3.544E-02 5.190E-02 3.925E-02 1.795E-02 7.619E-03 3.084E-04 7.161E-05 4.430E-07 9.831E-09 0 0 0 0 0 0 0 0 0 0 0 0 0
  48   3.069 3.484E-01 6.700E-03 4.232E-02 6.204E-02 4.702E-02 2.156E-02 9.205E-03 3.705E-04 8.726E-05 5.325E-07 1.203E-08 0 0 0 0 0 0 0 0 0 0 0 0 0
  49   3.184 4.188E-01 8.042E-03 5.083E-02 7.459E-02 5.665E-02 2.603E-02 1.119E-02 4.470E-04 1.070E-04 6.417E-07 1.478E-08 0 0 0 0 0 0 0 0 0 0 0 0 0
  50   3.302 5.064E-01 9.712E-03 6.142E-02 9.021E-02 6.867E-02 3.162E-02 1.369E-02 5.418E-04 1.319E-04 7.751E-07 1.822E-08 0 0 0 0 0 0 0 0 0 0 0 0 0
  51   3.426 6.161E-01 1.180E-02 7.469E-02 1.098E-01 8.375E-02 3.865E-02 1.685E-02 6.598E-04 1.637E-04 9.383E-07 2.253E-08 0 0 0 0 0 0 0 0 0 0 0 0 0
  52   3.553 7.541E-01 1.444E-02 9.141E-02 1.345E-01 1.028E-01 4.753E-02 2.088E-02 8.073E-04 2.045E-04 1.139E-06 2.795E-08 0 0 0 0 0 0 0 0 0 0 0 0 0
  53   3.686 9.288E-01 1.777E-02 1.126E-01 1.658E-01 1.270E-01 5.883E-02 2.606E-02 9.926E-04 2.572E-04 1.384E-06 3.475E-08 0 0 0 0 0 0 0 0 0 0 0 0 0
54 3.9500515 10.0 0.100772762091 0.296295088085 0.474343846702 0.625174724457 0.741627832628 0.81966496049 0.858513732068 0.860429707838 0.830143817311 0.774102251863 0.699623474476 0.614091798772 0.524283135466 0.435883165683 0.35321961904 0.279195899914 0.215388166645 0.162254419979 0.119401791503 0.0858646467964 0.0603579295986 0.0414839081994 0.0278833203958
55 4.0500515 10.0 0.0995837718315 0.292870851487 0.469091481743 0.618706321071 0.73467340164 0.812972977729 0.852755872794 0.856124431436 0.827608879749 0.773440186609 0.700737989959 0.616728138416 0.528082552941 0.440441041851 0.358138116366 0.284124768383 0.220050580195 0.16645778958 0.123035836807 0.088890358617 0.0627914308445 0.0433788239424 0.029314396008
56 4.1500515 10.0 0.0984390223938 0.289572497721 0.464027364713 0.612460274295 0.727943136509 0.806476019819 0.847139082018 0.85189090696 0.82507184667 0.77270787177 0.70172780378 0.619203846114 0.53170531653 0.444824509665 0.362898905361 0.288922148233 0.224612192928 0.170591129393 0.126627461766 0.0918961522039 0.0652216655822 0.0452814742371 0.0307593713376
57 4.25005 10.0 0.0973359083186 0.286392689285 0.459140762353 0.606424372287 0.7214254588 0.800165043296 0.841658207779 0.847728488101 0.822536417748 0.771912541309 0.70260244971 0.621529371384 0.53516151201 0.449042303594 0.36750877007 0.293592668722 0.229075605372 0.174655362533 0.130176373393 0.0948809888279 0.0676472567497 0.047190449402 0.0322169989541
58 4.3500515 10.0 0.0962719712951 0.28332449361 0.454421503767 0.600586983794 0.715109244752 0.794031218089 0.836308008602 0.843636138805 0.820005664386 0.771060665038 0.703370679945 0.623714473796 0.538460706999 0.453102852772 0.371974403566 0.298141052078 0.233443644734 0.178651715559 0.133682606254 0.0978441403404 0.0700670944402 0.0491045511907 0.0336861861898
59 4.4500515 10.0 0.0952450410051 0.280361791568 0.449860616001 0.59493785791 0.708984710753 0.78806681321 0.83108395622 0.839613081158 0.81748246973 0.770158151373 0.704040426444 0.625767962117 0.541611505794 0.457013701449 0.376301748571 0.302571426701 0.237718695627 0.18258110085 0.137145978658 0.100784729959 0.072479962597 0.0510224997806 0.0351657725245
60 4.5500515 10.0 0.0942530536681 0.277498756388 0.445449529342 0.589467153915 0.703042382744 0.78226422073 0.825981413678 0.835658200346 0.814969200433 0.769210292791 0.704618998407 0.627698101191 0.544622111046 0.460782167368 0.380496697979 0.306888023588 0.241903356954 0.186444709904 0.140566608841 0.103702166583 0.0748848933734 0.052943214641 0.0366547460918
61 4.6500515 10.0 0.0932941165617 0.274730041468 0.441180371632 0.584165815555 0.697273516445 0.776616383548 0.820996031711 0.831770374268 0.812467941518 0.768221888326 0.70511308668 0.629512504374 0.547500120415 0.464415065991 0.38456477352 0.311094836195 0.246000106643 0.19024370148 0.143944638953 0.106595911092 0.0772809770743 0.0548656656078 0.0381521309429
62 4.7500515 10.0 0.0923664770127 0.272050692518 0.437045837992 0.579025419086 0.691669946662 0.771116666899 0.816123657915 0.827948428401 0.809980497298 0.767197284504 0.705528834531 0.631218222352 0.550252622326 0.4679188043 0.388511211648 0.315195695357 0.250011364849 0.193979253835 0.147280277855 0.109465511357 0.0796673908356 0.0567888963519 0.0396570061156
63 4.8500515 10.0 0.0914685093258 0.269456111215 0.433039139097 0.574038117207 0.686224038491 0.765758826423 0.811360327338 0.824191149798 0.807508425234 0.766140422316 0.705871889623 0.632821792462 0.552886236806 0.471299409916 0.39234098032 0.319194275217 0.253939491807 0.197652557726 0.150573792181 0.112310593578 0.0820433915834 0.058712019496 0.0411685028418
64 4.9500515 10.0 0.0905987031758 0.266942022893 0.429153955121 0.569196588994 0.680928643494 0.760536979114 0.806702253337 0.820497298788 0.805053065447 0.765054878697 0.706147450321 0.634329282994 0.555407152531 0.474562557862 0.396058794784 0.323094099221 0.257786786436 0.201264810431 0.153825498427 0.115130854469 0.0844083095667 0.0606342120387 0.0426858018555
65 5.0500515 10.0 0.0897556532756 0.26450444777 0.425384394647 0.564493995079 0.675777060255 0.75544557688 0.80214581876 0.816865618726 0.802615566498 0.763943903231 0.706360307024 0.635746333065 0.557821160466 0.47771359517 0.399669132387 0.326898546098 0.261555485536 0.204817210679 0.157035755959 0.117926054195 0.0867615424167 0.0625547110744 0.0442081308068
66 5.1500515 10.0 0.0889380501543 0.262139675241 0.421724957892 0.55992393744 0.670762998805 0.750479382411 0.797687567465 0.813294844109 0.800196907952 0.762810450699 0.706514879128 0.637078188547 0.560133684453 0.480757563523 0.403176246484 0.330610855777 0.2652477635 0.208310954343 0.160204960823 0.120696009992 0.0891025496894 0.0644728097895 0.0457347617841
67 5.2500515 10.0 0.08814467191 0.259844240871 0.418170503755 0.555480423242 0.665880548478 0.745633447143 0.793324196203 0.809783707328 0.797797920161 0.76165721 0.706615248147 0.638329734519 0.562349809072 0.483699220093 0.406584179466 0.334234135196 0.26886573242 0.211747230803 0.163333540266 0.123440590406 0.0914308478526 0.066387853722 0.0472650089461
68 5.3500515 10.0 0.0873743768142 0.257614905756 0.414716220187 0.551157832261 0.6611241488 0.740903091105 0.789052546881 0.806330944252 0.795419301638 0.760486629894 0.706665187442 0.639505524602 0.564474305034 0.486543056764 0.409896774983 0.337771363977 0.272411442536 0.21512721989 0.166421947895 0.126159710079 0.0937460056783 0.0682992372674 0.048798226263
69 5.4500515 10.0 0.0866260966688 0.25544863796 0.411357597522 0.546950887467 0.656488563088 0.736283884449 0.784869599179 0.802935298844 0.793061634347 0.759300941959 0.706668188947 0.640609807538 0.566511652372 0.489293317839 0.41311768939 0.34122539994 0.275886882949 0.218452089321 0.16947065939 0.128853325037 0.0960476400105 0.0702064004175 0.0503338053649
70 5.5500515 10.0 0.0858988308239 0.253342595794 0.408090404411 0.542854628416 0.651968854457 0.731771630516 0.780772463549 0.799595526944 0.79072539717 0.758102181099 0.706627487247 0.64164655129 0.568466061634 0.491954016402 0.416250402477 0.34459898444 0.279293982543 0.221722992568 0.172480168709 0.131521428425 0.0983354118731 0.0721088257159 0.0518711734969
71 5.6500515 10.0 0.0851916407821 0.251294112726 0.404910666067 0.538864387129 0.64756036398 0.727362350278 0.776758374561 0.796310399363 0.788410977791 0.756892203893 0.706546081288 0.64261946494 0.57034149328 0.49452894942 0.419298227513 0.347894747524 0.282634611091 0.224941067106 0.175450984736 0.134164046645 0.100609022893 0.0740060354175 0.0534097915762
72 5.7500515 10.0 0.0845036453204 0.249300683724 0.401814644556 0.534975766205 0.643258690772 0.72305226804 0.772824684609 0.793078704375 0.786118683202 0.755672705046 0.706426754001 0.643532018603 0.572141675448 0.497021711711 0.422264320667 0.35111521289 0.285910580477 0.228107432971 0.178383628318 0.136781235867 0.102868212009 0.075897588839 0.0549491523492
73 5.8500515 10.0 0.083834016074 0.247359952887 0.39879882092 0.531184618897 0.639059673808 0.718837798259 0.768968857934 0.789899249725 0.783848748994 0.754445232149 0.70627209005 0.644387461573 0.573870120266 0.499435708862 0.425151689827 0.354262802651 0.289123646031 0.231223191605 0.181278629649 0.139373078858 0.105112752447 0.0777830798867 0.0564887786446
74 5.9500515 10.0 0.0831819735291 0.245469702217 0.395859878924 0.527487030977 0.634959375288 0.71471553341 0.76518846499 0.786770864201 0.781601347587 0.753211198951 0.70608449192 0.645188838865 0.575530138812 0.501774169201 0.427963202866 0.357339841908 0.292275507933 0.234289424942 0.184136525952 0.141939682122 0.107342448935 0.0796621347512 0.0580282217185
75 6.0500515 10.0 0.082546783382 0.243627841407 0.392994690259 0.523879304175 0.630954065399 0.710682232772 0.7614811771 0.783692398862 0.779376595533 0.751971897309 0.705866194506 0.645939006331 0.577124854879 0.504040154877 0.43070159539 0.360348563126 0.295367812669 0.23730719469 0.186957859451 0.144481173296 0.109557135141 0.0815344097562 0.0595670596888
76 6.1500515 10.0 0.0819277532248 0.241832398541 0.39020030105 0.520357941052 0.627040208342 0.706734812075 0.757844761411 0.780662727953 0.777174559997 0.750728507957 0.705619278382 0.646640644473 0.578657217645 0.50623657215 0.43336947801 0.363291110314 0.298402154528 0.240277541808 0.189743175565 0.146997698804 0.111756671312 0.0833995893531 0.0611048960528
77 6.2500515 10.0 0.0813242295234 0.240081511614 0.387473919533 0.516919631154 0.623214449491 0.702870333922 0.75427707613 0.777680749571 0.774995264517 0.749482110232 0.70534568186 0.647296271096 0.580130013333 0.50836618093 0.435969343144 0.366169543024 0.301380077112 0.243201486121 0.192493021337 0.149489421717 0.113940942103 0.0852573842492 0.0626413582864
78 6.3500515 10.0 0.0807355948591 0.238373420776 0.384812904779 0.513561238313 0.619473603582 0.699085998914 0.750776066014 0.774745386122 0.772838694129 0.748233690861 0.705047211982 0.647908252899 0.581545875978 0.510431603646 0.438503571419 0.368985840167 0.304303074858 0.246080026076 0.195207944041 0.151956519823 0.116109854579 0.0871075296622 0.0641760965198
79 6.4500515 10.0 0.0801612654046 0.236706461248 0.382214756372 0.510279789001 0.615814643843 0.695379137424 0.747339758122 0.771855584585 0.770704799927 0.746984151914 0.704725554545 0.648478816114 0.582907297356 0.512435333486 0.440974437663 0.371741903649 0.307172594552 0.248914138612 0.197888489967 0.154399183875 0.118263336364 0.0889497836915 0.0657087822857
80 6.5500515 10.0 0.0796006886139 0.235079056818 0.379677104929 0.507072461618 0.612234691954 0.691747201971 0.743966257789 0.769010316636 0.768593503127 0.745734318013 0.704382283252 0.649010056283 0.584216636163 0.514379742066 0.443384116537 0.37443956184 0.309990036836 0.251704779116 0.200535203358 0.156817615998 0.120401333949 0.090783925798 0.0672391073367
81 6.6500515 10.0 0.0790533411028 0.233489713879 0.377197703405 0.503936576638 0.608731008794 0.688187760121 0.740653744833 0.766208578639 0.766504698694 0.744484942867 0.704018868085 0.649503947236 0.585476126503 0.516267086563 0.445734687824 0.377080572875 0.312756757697 0.254452881475 0.203148625481 0.159212028251 0.122523811123 0.0926097553859 0.0687667825292
82 6.7500515 10.0 0.0785187267024 0.231937015953 0.374774419086 0.500869587524 0.605300985874 0.684698487902 0.737400469961 0.763449391531 0.764438258574 0.743236715212 0.703636682957 0.649962349372 0.586687885747 0.518099516366 0.448028141398 0.379666627805 0.315474069933 0.257159358192 0.205729293816 0.16158264132 0.124630747528 0.0944270904787 0.0702915367677