#include "TGraph.h"

double adGSF_ETable[] = {
0.0,
0.04,
0.08,
0.12,
0.16,
0.2,
0.24,
0.28,
0.32,
0.36,
0.4,
0.44,
0.48,
0.52,
0.56,
0.6,
0.64,
0.68,
0.72,
0.76,
0.8,
0.84,
0.88,
0.92,
0.96,
1.0,
1.04,
1.08,
1.12,
1.16,
1.2,
1.24,
1.28,
1.32,
1.36,
1.4,
1.44,
1.48,
1.52,
1.56,
1.6,
1.64,
1.68,
1.72,
1.76,
1.8,
1.84,
1.88,
1.92,
1.96,
2.0,
2.04,
2.08,
2.12,
2.16,
2.2,
2.24,
2.28,
2.32,
2.36,
2.4,
2.44,
2.48,
2.52,
2.56,
2.6,
2.64,
2.68,
2.72,
2.76,
2.8,
2.84,
2.88,
2.92,
2.96,
3.0,
3.04,
3.08,
3.12,
3.16,
3.2,
3.24,
3.28,
3.32,
3.36,
3.4,
3.44,
3.48,
3.52,
3.56,
3.6,
3.64,
3.68,
3.72,
3.76,
3.8,
3.84,
3.88,
3.92,
3.96,
4.0,
4.0,
4.10738255034,
4.21476510067,
4.32214765101,
4.42953020134,
4.53691275168,
4.64429530201,
4.75167785235,
4.85906040268,
4.96644295302,
5.07382550336,
5.18120805369,
5.28859060403,
5.39597315436,
5.5033557047,
5.61073825503,
5.71812080537,
5.8255033557,
5.93288590604,
6.04026845638,
6.14765100671,
6.25503355705,
6.36241610738,
6.46979865772,
6.57718120805,
6.68456375839,
6.79194630872,
6.89932885906,
7.0067114094,
7.11409395973,
7.22147651007,
7.3288590604,
7.43624161074,
7.54362416107,
7.65100671141,
7.75838926174,
7.86577181208,
7.97315436242,
8.08053691275,
8.18791946309,
8.29530201342,
8.40268456376,
8.51006711409,
8.61744966443,
8.72483221477,
8.8322147651,
8.93959731544,
9.04697986577,
9.15436241611,
9.26174496644,
9.36912751678,
9.47651006711,
9.58389261745,
9.69127516779,
9.79865771812,
9.90604026846,
10.0134228188,
10.1208053691,
10.2281879195,
10.3355704698,
10.4429530201,
10.5503355705,
10.6577181208,
10.7651006711,
10.8724832215,
10.9798657718,
11.0872483221,
11.1946308725,
11.3020134228,
11.4093959732,
11.5167785235,
11.6241610738,
11.7315436242,
11.8389261745,
11.9463087248,
12.0536912752,
12.1610738255,
12.2684563758,
12.3758389262,
12.4832214765,
12.5906040268,
12.6979865772,
12.8053691275,
12.9127516779,
13.0201342282,
13.1275167785,
13.2348993289,
13.3422818792,
13.4496644295,
13.5570469799,
13.6644295302,
13.7718120805,
13.8791946309,
13.9865771812,
14.0939597315,
14.2013422819,
14.3087248322,
14.4161073826,
14.5234899329,
14.6308724832,
14.7382550336,
14.8456375839,
14.9530201342,
15.0604026846,
15.1677852349,
15.2751677852,
15.3825503356,
15.4899328859,
15.5973154362,
15.7046979866,
15.8120805369,
15.9194630872,
16.0268456376,
16.1342281879,
16.2416107383,
16.3489932886,
16.4563758389,
16.5637583893,
16.6711409396,
16.7785234899,
16.8859060403,
16.9932885906,
17.1006711409,
17.2080536913,
17.3154362416,
17.4228187919,
17.5302013423,
17.6375838926,
17.744966443,
17.8523489933,
17.9597315436,
18.067114094,
18.1744966443,
18.2818791946,
18.389261745,
18.4966442953,
18.6040268456,
18.711409396,
18.8187919463,
18.9261744966,
19.033557047,
19.1409395973,
19.2483221477,
19.355704698,
19.4630872483,
19.5704697987,
19.677852349,
19.7852348993,
19.8926174497,
20.0
};
const int nGSF_ETable = sizeof(adGSF_ETable)/sizeof(double);

double adGSF_E1[] = {
1.30043853527e-08,
1.30655579777e-08,
1.31269283517e-08,
1.31886943099e-08,
1.32510538606e-08,
1.33142052714e-08,
1.33783471563e-08,
1.34436785623e-08,
1.35103990571e-08,
1.35787088167e-08,
1.36488087132e-08,
1.3720900404e-08,
1.37951864203e-08,
1.38718702573e-08,
1.39511564645e-08,
1.4033250737e-08,
1.41183600072e-08,
1.42066925381e-08,
1.42984580169e-08,
1.43938676499e-08,
1.44931342581e-08,
1.4596472375e-08,
1.4704098344e-08,
1.48162304189e-08,
1.49330888639e-08,
1.50548960569e-08,
1.51818765928e-08,
1.53142573891e-08,
1.54522677934e-08,
1.55961396922e-08,
1.57461076215e-08,
1.59024088798e-08,
1.60652836428e-08,
1.623497508e-08,
1.64117294741e-08,
1.65957963421e-08,
1.6787428559e-08,
1.69868824841e-08,
1.719441809e-08,
1.74102990935e-08,
1.76347930904e-08,
1.78681716924e-08,
1.81107106676e-08,
1.83626900834e-08,
1.86243944533e-08,
1.88961128868e-08,
1.9178139243e-08,
1.94707722875e-08,
1.97743158533e-08,
2.00890790055e-08,
2.04153762102e-08,
2.07535275071e-08,
2.11038586874e-08,
2.1466701475e-08,
2.18423937134e-08,
2.22312795565e-08,
2.26337096653e-08,
2.30500414089e-08,
2.34806390713e-08,
2.39258740641e-08,
2.43861251436e-08,
2.48617786356e-08,
2.53532286649e-08,
2.58608773914e-08,
2.63851352537e-08,
2.69264212181e-08,
2.74851630355e-08,
2.80617975052e-08,
2.86567707464e-08,
2.92705384773e-08,
2.99035663023e-08,
3.05563300069e-08,
3.12293158625e-08,
3.19230209385e-08,
3.26379534249e-08,
3.33746329631e-08,
3.41335909876e-08,
3.49153710772e-08,
3.57205293166e-08,
3.65496346691e-08,
3.74032693605e-08,
3.82820292743e-08,
3.91865243585e-08,
4.0117379046e-08,
4.10752326858e-08,
4.20607399895e-08,
4.30745714895e-08,
4.41174140124e-08,
4.51899711668e-08,
4.62929638456e-08,
4.7427130744e-08,
4.85932288942e-08,
4.97920342151e-08,
5.10243420808e-08,
5.22909679056e-08,
5.35927477474e-08,
5.49305389302e-08,
5.63052206858e-08,
5.77176948154e-08,
5.91688863721e-08,
6.06597443647e-08,
6.06597443647e-08,
6.48658296266e-08,
6.93846664756e-08,
7.42374557196e-08,
7.94469509086e-08,
8.50375887491e-08,
9.10356306703e-08,
9.74693164137e-08,
1.04369030551e-07,
1.11767482851e-07,
1.19699903408e-07,
1.28204253437e-07,
1.37321452548e-07,
1.47095623257e-07,
1.5757435326e-07,
1.68808975834e-07,
1.80854868312e-07,
1.93771768166e-07,
2.07624105568e-07,
2.22481350459e-07,
2.38418371073e-07,
2.55515799396e-07,
2.73860397245e-07,
2.93545414275e-07,
3.14670926321e-07,
3.37344138751e-07,
3.61679635008e-07,
3.87799544886e-07,
4.15833600358e-07,
4.45919038654e-07,
4.78200302782e-07,
5.12828478658e-07,
5.49960395604e-07,
5.89757303447e-07,
6.323830253e-07,
6.78001471469e-07,
7.2677338817e-07,
7.78852207427e-07,
8.34378864778e-07,
8.93475463847e-07,
9.56237697038e-07,
1.02272598638e-06,
1.09295539527e-06,
1.16688448779e-06,
1.24440348185e-06,
1.32532225717e-06,
1.40935903003e-06,
1.49613077575e-06,
1.58514673187e-06,
1.67580649834e-06,
1.76740430116e-06,
1.85914083079e-06,
1.95014364529e-06,
2.03949641291e-06,
2.12627628538e-06,
2.20959754383e-06,
2.28865851757e-06,
2.36278786553e-06,
2.43148585393e-06,
2.49445642005e-06,
2.55162661727e-06,
2.60315137855e-06,
2.64940317352e-06,
2.69094775745e-06,
2.72850852604e-06,
2.76292279462e-06,
2.79509354626e-06,
2.82593990533e-06,
2.8563489521e-06,
2.88713070398e-06,
2.91897734487e-06,
2.95242723438e-06,
2.98783396128e-06,
3.02534074372e-06,
3.06486078652e-06,
3.10606469776e-06,
3.14837661048e-06,
3.19098108152e-06,
3.23284295706e-06,
3.27274201685e-06,
3.30932320636e-06,
3.34116162003e-06,
3.36683926368e-06,
3.38502834445e-06,
3.39457391339e-06,
3.39456765775e-06,
3.38440492155e-06,
3.3638187486e-06,
3.33288764322e-06,
3.29201724808e-06,
3.24189950187e-06,
3.18345537814e-06,
3.11776859802e-06,
3.04601767924e-06,
2.9694125698e-06,
2.88914034195e-06,
2.80632245108e-06,
2.72198426998e-06,
2.63703622083e-06,
2.55226492771e-06,
2.46833236999e-06,
2.38578093655e-06,
2.30504244392e-06,
2.22644948145e-06,
2.15024779536e-06,
2.07660876582e-06,
2.00564133163e-06,
1.93740296246e-06,
1.87190946669e-06,
1.8091435581e-06,
1.74906219744e-06,
1.69160278229e-06,
1.63668829152e-06,
1.58423150511e-06,
1.53413842243e-06,
1.48631099714e-06,
1.44064929715e-06,
1.39705318651e-06,
1.35542361387e-06,
1.3156635801e-06,
1.27767884653e-06,
1.24137843544e-06,
1.20667496535e-06,
1.1734848564e-06,
1.14172843451e-06,
1.11132995755e-06,
1.08221758248e-06,
1.05432328836e-06,
1.02758276737e-06,
1.00193529328e-06,
9.77323574865e-07,
9.53693600139e-07,
9.30994475836e-07,
9.09178265648e-07,
8.88199829792e-07,
8.68016667833e-07,
8.4858876615e-07,
8.29878451024e-07,
8.11850247976e-07,
7.94470747764e-07,
7.77708479206e-07,
7.61533788898e-07,
7.45918727739e-07,
7.30836944127e-07,
7.16263583606e-07,
7.02175194725e-07,
6.88549640823e-07,
6.75366017455e-07,
6.62604575155e-07,
6.5024664724e-07
};
TGraph *grGSF_E1 = new TGraph(nGSF_ETable,adGSF_ETable,adGSF_E1);

double adGSF_M1[] = {
0.0,
2.69398409597e-10,
5.39177590737e-10,
8.0972021537e-10,
1.08141278077e-09,
1.3546475841e-09,
1.62982477296e-09,
1.90735450032e-09,
2.18765921464e-09,
2.47117611998e-09,
2.75835984507e-09,
3.04968536653e-09,
3.34565123847e-09,
3.64678319018e-09,
3.95363816493e-09,
4.26680888754e-09,
4.58692906652e-09,
4.91467935944e-09,
5.25079425949e-09,
5.59607009824e-09,
5.95137440752e-09,
6.31765694503e-09,
6.69596276886e-09,
7.08744785215e-09,
7.49339786918e-09,
7.91525097234e-09,
8.35462563264e-09,
8.8133549628e-09,
9.29352941911e-09,
9.79755044368e-09,
1.03281985477e-08,
1.08887206766e-08,
1.14829436366e-08,
1.21154231994e-08,
1.27916427123e-08,
1.35182813666e-08,
1.43035819033e-08,
1.51578623481e-08,
1.60942393765e-08,
1.71296668354e-08,
1.8286448869e-08,
1.95944725684e-08,
2.10945288296e-08,
2.28432441464e-08,
2.49202446437e-08,
2.74378455298e-08,
3.05514896845e-08,
3.44612518184e-08,
3.9370510797e-08,
4.53135524606e-08,
5.17311567647e-08,
5.70111154393e-08,
5.91642165863e-08,
5.79326855488e-08,
5.51291512078e-08,
5.25691408382e-08,
5.10015712174e-08,
5.04521553141e-08,
5.06954011018e-08,
5.14696612444e-08,
5.25372995127e-08,
5.36935025942e-08,
5.47669690333e-08,
5.56242400534e-08,
5.6177010877e-08,
5.63875608985e-08,
5.6267690694e-08,
5.58696186507e-08,
5.52710445578e-08,
5.45587902839e-08,
5.38151642898e-08,
5.31092604182e-08,
5.24932733732e-08,
5.20025900157e-08,
5.16580563226e-08,
5.14690816391e-08,
5.14367166875e-08,
5.15562731869e-08,
5.18193481516e-08,
5.22152791228e-08,
5.27321264688e-08,
5.33572947467e-08,
5.4077895156e-08,
5.48809320716e-08,
5.57533769598e-08,
5.66821761431e-08,
5.76542257533e-08,
5.86563375078e-08,
5.96752119533e-08,
6.06974307953e-08,
6.17094762097e-08,
6.26977821081e-08,
6.3648819821e-08,
6.45492183431e-08,
6.53859170082e-08,
6.61463462158e-08,
6.68186296573e-08,
6.73917995183e-08,
6.78560145172e-08,
6.82027695709e-08,
6.84250855041e-08,
6.84250855041e-08,
6.83714691393e-08,
6.73528074921e-08,
6.54263481348e-08,
6.27276642136e-08,
5.9441626302e-08,
5.57695257948e-08,
5.19011705017e-08,
4.79968040812e-08,
4.41793133771e-08,
4.05343710318e-08,
3.71152901317e-08,
3.39498035066e-08,
3.10469103333e-08,
2.84028191086e-08,
2.60056450732e-08,
2.38388817021e-08,
2.1883830127e-08,
2.01212157188e-08,
1.85322066359e-08,
1.70990115162e-08,
1.58051919857e-08,
1.46357888602e-08,
1.35773315081e-08,
1.26177777665e-08,
1.1746415881e-08,
1.09537488065e-08,
1.02313735962e-08,
9.57186351166e-09,
8.96865714267e-09,
8.41595667734e-09,
7.9086361175e-09,
7.44215942151e-09,
7.01250809091e-09,
6.61611747433e-09,
6.24982095837e-09,
5.91080119682e-09,
5.59654756046e-09,
5.30481904708e-09,
5.0336119615e-09,
4.78113174859e-09,
4.5457684339e-09,
4.32607519409e-09,
4.12074964027e-09,
3.92861745261e-09,
3.74861805287e-09,
3.57979204427e-09,
3.42127018501e-09,
3.27226369387e-09,
3.1320557142e-09,
2.99999378613e-09,
2.87548319771e-09,
2.75798110317e-09,
2.64699131162e-09,
2.54205966264e-09,
2.44276991621e-09,
2.34874009434e-09,
2.25961921961e-09,
2.17508440342e-09,
2.09483824239e-09,
2.01860648708e-09,
1.94613595151e-09,
1.8771926359e-09,
1.81156003865e-09,
1.74903763633e-09,
1.68943951323e-09,
1.63259312403e-09,
1.57833817535e-09,
1.52652561333e-09,
1.47701670623e-09,
1.42968221197e-09,
1.384401622e-09,
1.34106247359e-09,
1.29955972368e-09,
1.25979517813e-09,
1.22167697097e-09,
1.18511908865e-09,
1.15004093503e-09,
1.1163669332e-09,
1.08402616061e-09,
1.05295201445e-09,
1.02308190439e-09,
9.94356970304e-10,
9.66721822605e-10,
9.40124303163e-10,
9.14515265059e-10,
8.89848369435e-10,
8.66079897995e-10,
8.43168579788e-10,
8.21075431067e-10,
7.99763607105e-10,
7.7919826498e-10,
7.59346436405e-10,
7.40176909793e-10,
7.21660120789e-10,
7.03768050605e-10,
6.86474131514e-10,
6.69753158957e-10,
6.53581209728e-10,
6.37935565773e-10,
6.22794643171e-10,
6.08137925896e-10,
5.93945904006e-10,
5.80200015919e-10,
5.66882594476e-10,
5.53976816518e-10,
5.41466655702e-10,
5.29336838348e-10,
5.17572802075e-10,
5.06160657038e-10,
4.95087149586e-10,
4.8433962816e-10,
4.73906011291e-10,
4.63774757535e-10,
4.53934837228e-10,
4.44375705928e-10,
4.35087279436e-10,
4.26059910288e-10,
4.17284365621e-10,
4.0875180632e-10,
4.00453767372e-10,
3.92382139334e-10,
3.84529150856e-10,
3.76887352185e-10,
3.69449599595e-10,
3.62209040673e-10,
3.55159100417e-10,
3.48293468099e-10,
3.41606084831e-10,
3.35091131804e-10,
3.2874301916e-10,
3.22556375452e-10,
3.16526037651e-10,
3.10647041693e-10,
3.049146135e-10,
2.99324160476e-10,
2.93871263437e-10,
2.88551668943e-10,
2.83361282032e-10,
2.78296159307e-10,
2.73352502376e-10,
2.68526651612e-10,
2.6381508022e-10,
2.59214388602e-10,
2.54721298985e-10,
2.50332650316e-10,
2.46045393401e-10,
2.41856586273e-10,
2.3776338978e-10,
2.33763063383e-10
};
TGraph *grGSF_M1 = new TGraph(nGSF_ETable,adGSF_ETable,adGSF_M1);

double adGSF_E2[] = {
0,
0,
0,
0,
0,
0,
0,
0,
0,
0,
0,
0,
0,
0,
0,
0,
0,
0,
0,
0,
0,
0,
0,
0,
0,
0,
0,
0,
0,
0,
0,
0,
0,
0,
0,
0,
0,
0,
0,
0,
0,
0,
0,
0,
0,
0,
0,
0,
0,
0,
0,
0,
0,
0,
0,
0,
0,
0,
0,
0,
0,
0,
0,
0,
0,
0,
0,
0,
0,
0,
0,
0,
0,
0,
0,
0,
0,
0,
0,
0,
0,
0,
0,
0,
0,
0,
0,
0,
0,
0,
0,
0,
0,
0,
0,
0,
0,
0,
0,
0,
0,
0,
0,
0,
0,
0,
0,
0,
0,
0,
0,
0,
0,
0,
0,
0,
0,
0,
0,
0,
0,
0,
0,
0,
0,
0,
0,
0,
0,
0,
0,
0,
0,
0,
0,
0,
0,
0,
0,
0,
0,
0,
0,
0,
0,
0,
0,
0,
0,
0,
0,
0,
0,
0,
0,
0,
0,
0,
0,
0,
0,
0,
0,
0,
0,
0,
0,
0,
0,
0,
0,
0,
0,
0,
0,
0,
0,
0,
0,
0,
0,
0,
0,
0,
0,
0,
0,
0,
0,
0,
0,
0,
0,
0,
0,
0,
0,
0,
0,
0,
0,
0,
0,
0,
0,
0,
0,
0,
0,
0,
0,
0,
0,
0,
0,
0,
0,
0,
0,
0,
0,
0,
0,
0,
0,
0,
0,
0,
0,
0,
0,
0,
0,
0,
0,
0,
0,
0,
0,
0,
0,
0,
0,
0,
0,
0,
0,
0,
0,
0,
0
};
TGraph *grGSF_E2 = new TGraph(nGSF_ETable,adGSF_ETable,adGSF_E2);

